   1015.00     293.75       4.94
   312.50000     296.04092      5.61464      0.00000     0.00000
   937.50000     299.94358      5.20079      0.00000     0.00000
   1562.50000     303.88357      1.59740      0.00000     0.00000
   2187.50000     307.86825      1.46348      0.00000     0.00000
   2812.50000     311.87612      1.33187      0.00000     0.00000
   3437.50000     315.89780      1.20298      0.00000     0.00000
   4062.50000     319.92180      1.07724      0.00000     0.00000
   4687.50000     323.93399      0.95515      0.00000     0.00000
   5312.50000     327.91716      0.83730      0.00000     0.00000
   5937.50000     331.85040      0.72435      0.00000     0.00000
   6562.50000     335.70852      0.61706      0.00000     0.00000
   7187.50000     339.46149      0.51627      0.00000     0.00000
   7812.50000     343.07421      0.42289      0.00000     0.00000
   8437.50000     346.50677      0.33790      0.00000     0.00000
   9062.50000     349.71572      0.26225      0.00000     0.00000
   9687.50000     352.65708      0.19677      0.00000     0.00000
   10312.50000     355.29143      0.14200      0.00000     0.00000
   10937.50000     357.59126      0.09809      0.00000     0.00000
   11562.50000     359.54897      0.06457      0.00000     0.00000
   12187.50000     361.18263      0.04038      0.00000     0.00000
   12812.50000     362.53579      0.02393      0.00000     0.00000
   13437.50000     363.67015      0.01342      0.00000     0.00000
   14062.50000     364.65367      0.00712      0.00000     0.00000
   14687.50000     365.54953      0.00356      0.00000     0.00000
   15312.50000     366.40959      0.00168      0.00000     0.00000
   15937.50000     367.27286      0.00074      0.00000     0.00000
   16562.50000     368.16727      0.00031      0.00000     0.00000
   17187.50000     369.11280      0.00012      0.00000     0.00000
   17812.50000     370.12452      0.00004      0.00000     0.00000
   18437.50000     371.21511      0.00001      0.00000     0.00000
   19062.50000     372.39668      0.00000      0.00000     0.00000
   19687.50000     373.68207      0.00000      0.00000     0.00000
   20312.50000     375.08582      0.00000      0.00000     0.00000
   20937.50000     388.29953      0.00000      0.00000     0.00000
   21562.50000     405.70348      0.00000      0.00000     0.00000
   22187.50000     423.88749      0.00000      0.00000     0.00000
   22812.50000     442.88653      0.00000      0.00000     0.00000
   23437.50000     462.73713      0.00000      0.00000     0.00000
   24062.50000     483.47745      0.00000      0.00000     0.00000
   24687.50000     505.14736      0.00000      0.00000     0.00000
   25312.50000     527.78855      0.00000      0.00000     0.00000
   25937.50000     551.44453      0.00000      0.00000     0.00000
   26562.50000     576.16080      0.00000      0.00000     0.00000
   27187.50000     601.98487      0.00000      0.00000     0.00000
   27812.50000     628.96640      0.00000      0.00000     0.00000
   28437.50000     657.15727      0.00000      0.00000     0.00000
   29062.50000     686.61168      0.00000      0.00000     0.00000
   29687.50000     717.38627      0.00000      0.00000     0.00000
   30312.50000     749.54020      0.00000      0.00000     0.00000
   30937.50000     783.13531      0.00000      0.00000     0.00000
   31562.50000     818.23617      0.00000      0.00000     0.00000
   32187.50000     854.91029      0.00000      0.00000     0.00000
   32812.50000     893.22818      0.00000      0.00000     0.00000
   33437.50000     933.26352      0.00000      0.00000     0.00000
   34062.50000     975.09327      0.00000      0.00000     0.00000
   34687.50000     1018.79788      0.00000      0.00000     0.00000
   35312.50000     1064.46137      0.00001      0.00000     0.00000
   35937.50000     1112.17153      0.00001      0.00000     0.00000
   36562.50000     1162.02012      0.00001      0.00000     0.00000
   37187.50000     1214.10296      0.00001      0.00000     0.00000
   37812.50000     1268.52021      0.00001      0.00000     0.00000
   38437.50000     1325.37648      0.00001      0.00000     0.00000
   39062.50000     1384.78111      0.00001      0.00000     0.00000
   39687.50000     1446.84832      0.00002      0.00000     0.00000
   40312.50000     1511.69743      0.00002      0.00000     0.00000
   40937.50000     1579.45314      0.00002      0.00000     0.00000
   41562.50000     1650.24573      0.00002      0.00000     0.00000
   42187.50000     1724.21130      0.00003      0.00000     0.00000
   42812.50000     1801.49209      0.00003      0.00000     0.00000
   43437.50000     1882.23667      0.00004      0.00000     0.00000
   44062.50000     1966.60030      0.00004      0.00000     0.00000
   44687.50000     2054.74519      0.00005      0.00000     0.00000
   45312.50000     2146.84081      0.00006      0.00000     0.00000
   45937.50000     2243.06425      0.00007      0.00000     0.00000
   46562.50000     2343.60051      0.00008      0.00000     0.00000
   47187.50000     2448.64290      0.00009      0.00000     0.00000
   47812.50000     2558.39339      0.00011      0.00000     0.00000
   48437.50000     2673.06300      0.00013      0.00000     0.00000
   49062.50000     2792.87221      0.00015      0.00000     0.00000
   49687.50000     2918.05138      0.00018      0.00000     0.00000
   50312.50000     3048.84119      0.00020      0.00000     0.00000
