   1015.00     301.72      13.82
   312.50000     303.87135     15.50606      0.00000     0.00000
   937.50000     306.70857     13.62920      0.00000     0.00000
   1562.50000     309.53192      7.09919      0.00000     0.00000
   2187.50000     312.37505      5.19388      0.00000     0.00000
   2812.50000     315.17918      3.79992      0.00000     0.00000
   3437.50000     317.92158      2.78008      0.00000     0.00000
   4062.50000     320.57807      2.03395      0.00000     0.00000
   4687.50000     323.12313      1.48807      0.00000     0.00000
   5312.50000     325.53045      1.08870      0.00000     0.00000
   5937.50000     327.77414      0.00001      0.00000     0.00000
   6562.50000     329.83082      0.00001      0.00000     0.00000
   7187.50000     331.68236      0.00001      0.00000     0.00000
   7812.50000     333.31912      0.00001      0.00000     0.00000
   8437.50000     334.74276      0.00001      0.00000     0.00000
   9062.50000     335.96755      0.00001      0.00000     0.00000
   9687.50000     337.01938      0.00001      0.00000     0.00000
   10312.50000     337.93239      0.00001      0.00000     0.00000
   10937.50000     338.74427      0.00001      0.00000     0.00000
   11562.50000     339.49163      0.00001      0.00000     0.00000
   12187.50000     340.20680      0.00001      0.00000     0.00000
   12812.50000     340.91636      0.00001      0.00000     0.00000
   13437.50000     341.64113      0.00001      0.00000     0.00000
   14062.50000     348.68025      0.00001      0.00000     0.00000
   14687.50000     360.10331      0.00001      0.00000     0.00000
   15312.50000     371.90066      0.00001      0.00000     0.00000
   15937.50000     384.08456      0.00001      0.00000     0.00000
   16562.50000     396.66766      0.00001      0.00000     0.00000
   17187.50000     409.66303      0.00001      0.00000     0.00000
   17812.50000     423.08417      0.00001      0.00000     0.00000
   18437.50000     436.94502      0.00001      0.00000     0.00000
   19062.50000     451.25998      0.00001      0.00000     0.00000
   19687.50000     466.04394      0.00001      0.00000     0.00000
   20312.50000     481.31224      0.00001      0.00000     0.00000
   20937.50000     497.08077      0.00001      0.00000     0.00000
   21562.50000     513.36590      0.00001      0.00000     0.00000
   22187.50000     530.18456      0.00001      0.00000     0.00000
   22812.50000     547.55422      0.00001      0.00000     0.00000
   23437.50000     565.49295      0.00001      0.00000     0.00000
   24062.50000     584.01937      0.00001      0.00000     0.00000
   24687.50000     603.15276      0.00001      0.00000     0.00000
   25312.50000     622.91298      0.00001      0.00000     0.00000
   25937.50000     643.32058      0.00001      0.00000     0.00000
   26562.50000     664.39676      0.00001      0.00000     0.00000
   27187.50000     686.16343      0.00001      0.00000     0.00000
   27812.50000     708.64322      0.00001      0.00000     0.00000
   28437.50000     731.85947      0.00001      0.00000     0.00000
   29062.50000     755.83633      0.00001      0.00000     0.00000
   29687.50000     780.59870      0.00001      0.00000     0.00000
   30312.50000     806.17234      0.00001      0.00000     0.00000
   30937.50000     832.58380      0.00001      0.00000     0.00000
   31562.50000     859.86054      0.00001      0.00000     0.00000
   32187.50000     888.03091      0.00001      0.00000     0.00000
   32812.50000     917.12419      0.00001      0.00000     0.00000
   33437.50000     947.17061      0.00001      0.00000     0.00000
   34062.50000     978.20139      0.00001      0.00000     0.00000
   34687.50000     1010.24880      0.00001      0.00000     0.00000
   35312.50000     1043.34612      0.00001      0.00000     0.00000
   35937.50000     1077.52777      0.00001      0.00000     0.00000
   36562.50000     1112.82926      0.00001      0.00000     0.00000
   37187.50000     1149.28728      0.00001      0.00000     0.00000
   37812.50000     1186.93972      0.00001      0.00000     0.00000
   38437.50000     1225.82572      0.00001      0.00000     0.00000
   39062.50000     1265.98568      0.00001      0.00000     0.00000
   39687.50000     1307.46134      0.00001      0.00000     0.00000
   40312.50000     1350.29581      0.00001      0.00000     0.00000
