   1015.00     293.75      13.18
   312.50000     295.45239     14.43429      0.00000     0.00000
   937.50000     299.29149     13.33403      0.00000     0.00000
   1562.50000     303.16556      3.06244      0.00000     0.00000
   2187.50000     307.10613      2.79720      0.00000     0.00000
   2812.50000     311.06540      2.53700      0.00000     0.00000
   3437.50000     315.03315      2.28265      0.00000     0.00000
   4062.50000     318.99689      2.03508      0.00000     0.00000
   4687.50000     322.94134      1.79536      0.00000     0.00000
   5312.50000     326.84788      1.56472      0.00000     0.00000
   5937.50000     330.69400      1.34456      0.00000     0.00000
   6562.50000     334.45275      1.13647      0.00000     0.00000
   7187.50000     338.09226      0.94218      0.00000     0.00000
   7812.50000     341.57577      0.76359      0.00000     0.00000
   8437.50000     344.86225      0.60260      0.00000     0.00000
   9062.50000     347.90838      0.46101      0.00000     0.00000
   9687.50000     350.67242      0.34025      0.00000     0.00000
   10312.50000     353.12024      0.24106      0.00000     0.00000
   10937.50000     355.23306      0.16318      0.00000     0.00000
   11562.50000     357.01461      0.10514      0.00000     0.00000
   12187.50000     358.49450      0.06429      0.00000     0.00000
   12812.50000     359.72470      0.03725      0.00000     0.00000
   13437.50000     360.76987      0.02042      0.00000     0.00000
   14062.50000     361.69561      0.01059      0.00000     0.00000
   14687.50000     362.55937      0.00518      0.00000     0.00000
   15312.50000     363.40636      0.00238      0.00000     0.00000
   15937.50000     364.26979      0.00102      0.00000     0.00000
   16562.50000     365.17329      0.00041      0.00000     0.00000
   17187.50000     366.13408      0.00015      0.00000     0.00000
   17812.50000     367.16573      0.00005      0.00000     0.00000
   18437.50000     368.28030      0.00002      0.00000     0.00000
   19062.50000     369.48990      0.00000      0.00000     0.00000
   19687.50000     370.80779      0.00000      0.00000     0.00000
   20312.50000     372.24925      0.00000      0.00000     0.00000
   20937.50000     373.83230      0.00000      0.00000     0.00000
   21562.50000     384.07574      0.00000      0.00000     0.00000
   22187.50000     402.65928      0.00000      0.00000     0.00000
   22812.50000     422.14200      0.00000      0.00000     0.00000
   23437.50000     442.56739      0.00000      0.00000     0.00000
   24062.50000     463.98106      0.00000      0.00000     0.00000
   24687.50000     486.43084      0.00000      0.00000     0.00000
   25312.50000     509.96685      0.00000      0.00000     0.00000
   25937.50000     534.64165      0.00000      0.00000     0.00000
   26562.50000     560.51035      0.00000      0.00000     0.00000
   27187.50000     587.63070      0.00000      0.00000     0.00000
   27812.50000     616.06328      0.00000      0.00000     0.00000
   28437.50000     645.87157      0.00000      0.00000     0.00000
   29062.50000     677.12214      0.00000      0.00000     0.00000
   29687.50000     709.88477      0.00000      0.00000     0.00000
   30312.50000     744.23263      0.00000      0.00000     0.00000
   30937.50000     780.24241      0.00000      0.00000     0.00000
   31562.50000     817.99452      0.00000      0.00000     0.00000
   32187.50000     857.57328      0.00000      0.00000     0.00000
   32812.50000     899.06706      0.00000      0.00000     0.00000
   33437.50000     942.56852      0.00000      0.00000     0.00000
   34062.50000     988.17481      0.00000      0.00000     0.00000
   34687.50000     1035.98776      0.00000      0.00000     0.00000
   35312.50000     1086.11414      0.00000      0.00000     0.00000
   35937.50000     1138.66589      0.00000      0.00000     0.00000
   36562.50000     1193.76037      0.00000      0.00000     0.00000
   37187.50000     1251.52060      0.00000      0.00000     0.00000
   37812.50000     1312.07557      0.00000      0.00000     0.00000
   38437.50000     1375.56049      0.00000      0.00000     0.00000
   39062.50000     1442.11714      0.00000      0.00000     0.00000
   39687.50000     1511.89414      0.00000      0.00000     0.00000
   40312.50000     1585.04731      0.00000      0.00000     0.00000
   40937.50000     1661.74000      0.00000      0.00000     0.00000
   41562.50000     1742.14348      0.00000      0.00000     0.00000
   42187.50000     1826.43729      0.00000      0.00000     0.00000
   42812.50000     1914.80966      0.00000      0.00000     0.00000
   43437.50000     2007.45794      0.00000      0.00000     0.00000
   44062.50000     2104.58902      0.00001      0.00000     0.00000
   44687.50000     2206.41980      0.00001      0.00000     0.00000
   45312.50000     2313.17767      0.00001      0.00000     0.00000
   45937.50000     2425.10103      0.00001      0.00000     0.00000
   46562.50000     2542.43981      0.00001      0.00000     0.00000
   47187.50000     2665.45605      0.00001      0.00000     0.00000
   47812.50000     2794.42444      0.00002      0.00000     0.00000
   48437.50000     2929.63298      0.00002      0.00000     0.00000
   49062.50000     3071.38360      0.00002      0.00000     0.00000
   49687.50000     3219.99284      0.00002      0.00000     0.00000
   50312.50000     3375.79255      0.00003      0.00000     0.00000
