   1015.00     318.64      21.71
   312.50000     320.20922     23.41559      0.00000     0.00000
   937.50000     324.76865     22.92967      0.00000     0.00000
   1562.50000     329.42319      7.48058      0.00000     0.00000
   2187.50000     334.23505      7.32243      0.00000     0.00000
   2812.50000     339.14775      7.16342      0.00000     0.00000
   3437.50000     344.16370      7.00359      0.00000     0.00000
   4062.50000     349.28534      6.84296      0.00000     0.00000
   4687.50000     354.51519      6.68153      0.00000     0.00000
   5312.50000     359.85579      6.51935      0.00000     0.00000
   5937.50000     365.30975      6.35642      0.00000     0.00000
   6562.50000     370.87972      6.19278      0.00000     0.00000
   7187.50000     376.56839      6.02845      0.00000     0.00000
   7812.50000     382.37851      5.86346      0.00000     0.00000
   8437.50000     388.31284      5.69784      0.00000     0.00000
   9062.50000     394.37419      5.53163      0.00000     0.00000
   9687.50000     400.56539      5.36485      0.00000     0.00000
   10312.50000     406.88930      5.19756      0.00000     0.00000
   10937.50000     413.34878      5.02978      0.00000     0.00000
   11562.50000     419.94670      4.86156      0.00000     0.00000
   12187.50000     426.68589      4.69295      0.00000     0.00000
   12812.50000     433.56919      4.52400      0.00000     0.00000
   13437.50000     440.59936      4.35476      0.00000     0.00000
   14062.50000     447.77910      4.18529      0.00000     0.00000
   14687.50000     455.11100      4.01566      0.00000     0.00000
   15312.50000     462.59753      3.84594      0.00000     0.00000
   15937.50000     470.24098      3.67620      0.00000     0.00000
   16562.50000     478.04340      3.50653      0.00000     0.00000
   17187.50000     486.00656      3.33702      0.00000     0.00000
   17812.50000     494.13187      3.16778      0.00000     0.00000
   18437.50000     502.42025      2.99891      0.00000     0.00000
   19062.50000     510.87209      2.83055      0.00000     0.00000
   19687.50000     519.48703      2.66283      0.00000     0.00000
   20312.50000     528.26382      2.49593      0.00000     0.00000
   20937.50000     537.20010      2.33002      0.00000     0.00000
   21562.50000     546.29210      2.16531      0.00000     0.00000
   22187.50000     555.53429      2.00203      0.00000     0.00000
   22812.50000     564.91893      1.84048      0.00000     0.00000
   23437.50000     574.43549      1.68095      0.00000     0.00000
   24062.50000     584.06989      1.52383      0.00000     0.00000
   24687.50000     593.80352      1.36956      0.00000     0.00000
   25312.50000     603.61200      1.21866      0.00000     0.00000
   25937.50000     613.46354      1.07175      0.00000     0.00000
   26562.50000     623.31680      0.92957      0.00000     0.00000
   27187.50000     633.11820      0.79302      0.00000     0.00000
   27812.50000     642.79854      0.66317      0.00000     0.00000
   28437.50000     652.26910      0.54128      0.00000     0.00000
   29062.50000     661.41756      0.42884      0.00000     0.00000
   29687.50000     670.10514      0.32752      0.00000     0.00000
   30312.50000     678.16789      0.23909      0.00000     0.00000
   30937.50000     685.42753      0.16517      0.00000     0.00000
   31562.50000     691.71910      0.10681      0.00000     0.00000
   32187.50000     696.93868      0.06400      0.00000     0.00000
   32812.50000     701.09771      0.03527      0.00000     0.00000
   33437.50000     704.34695      0.01782      0.00000     0.00000
   34062.50000     724.19475      0.01750      0.00000     0.00000
   34687.50000     747.92043      0.01959      0.00000     0.00000
   35312.50000     772.42336      0.02193      0.00000     0.00000
   35937.50000     797.72900      0.02456      0.00000     0.00000
   36562.50000     823.86364      0.02750      0.00000     0.00000
   37187.50000     850.85444      0.03079      0.00000     0.00000
   37812.50000     878.72942      0.03447      0.00000     0.00000
   38437.50000     907.51756      0.03859      0.00000     0.00000
   39062.50000     937.24875      0.04321      0.00000     0.00000
   39687.50000     967.95386      0.04838      0.00000     0.00000
   40312.50000     999.66480      0.05417      0.00000     0.00000
   40937.50000     1032.41449      0.06066      0.00000     0.00000
   41562.50000     1066.23694      0.06792      0.00000     0.00000
   42187.50000     1101.16726      0.07605      0.00000     0.00000
   42812.50000     1137.24172      0.08516      0.00000     0.00000
   43437.50000     1174.49777      0.09536      0.00000     0.00000
   44062.50000     1212.97407      0.10678      0.00000     0.00000
   44687.50000     1252.71054      0.11958      0.00000     0.00000
   45312.50000     1293.74842      0.13391      0.00000     0.00000
   45937.50000     1336.13028      0.14996      0.00000     0.00000
   46562.50000     1379.90006      0.16794      0.00000     0.00000
   47187.50000     1425.10315      0.18808      0.00000     0.00000
   47812.50000     1471.78640      0.21065      0.00000     0.00000
   48437.50000     1519.99817      0.23593      0.00000     0.00000
   49062.50000     1569.78841      0.26426      0.00000     0.00000
   49687.50000     1621.20867      0.29601      0.00000     0.00000
   50312.50000     1674.31216      0.33159      0.00000     0.00000
