   1015.00     271.84       1.91
   312.50000     274.80199      2.33004      0.00000     0.00000
   937.50000     276.17700      1.75326      0.00000     0.00000
   1562.50000     277.40798      1.06677      0.00000     0.00000
   2187.50000     278.49784      0.00001      0.00000     0.00000
   2812.50000     279.45127      0.00001      0.00000     0.00000
   3437.50000     280.28297      0.00001      0.00000     0.00000
   4062.50000     281.01313      0.00001      0.00000     0.00000
   4687.50000     281.66501      0.00001      0.00000     0.00000
   5312.50000     282.26240      0.00001      0.00000     0.00000
   5937.50000     282.82756      0.00001      0.00000     0.00000
   6562.50000     283.37990      0.00001      0.00000     0.00000
   7187.50000     283.93549      0.00001      0.00000     0.00000
   7812.50000     284.50727      0.00001      0.00000     0.00000
   8437.50000     285.10561      0.00001      0.00000     0.00000
   9062.50000     293.44958      0.00001      0.00000     0.00000
   9687.50000     303.06305      0.00001      0.00000     0.00000
   10312.50000     312.99157      0.00001      0.00000     0.00000
   10937.50000     323.24544      0.00001      0.00000     0.00000
   11562.50000     333.83530      0.00001      0.00000     0.00000
   12187.50000     344.77214      0.00001      0.00000     0.00000
   12812.50000     356.06731      0.00001      0.00000     0.00000
   13437.50000     367.73256      0.00001      0.00000     0.00000
   14062.50000     379.78000      0.00001      0.00000     0.00000
   14687.50000     392.22214      0.00001      0.00000     0.00000
   15312.50000     405.07192      0.00001      0.00000     0.00000
   15937.50000     418.34268      0.00001      0.00000     0.00000
   16562.50000     432.04823      0.00001      0.00000     0.00000
   17187.50000     446.20279      0.00001      0.00000     0.00000
   17812.50000     460.82107      0.00001      0.00000     0.00000
   18437.50000     475.91828      0.00001      0.00000     0.00000
   19062.50000     491.51010      0.00001      0.00000     0.00000
   19687.50000     507.61273      0.00001      0.00000     0.00000
   20312.50000     524.24292      0.00001      0.00000     0.00000
   20937.50000     541.41793      0.00001      0.00000     0.00000
   21562.50000     559.15562      0.00001      0.00000     0.00000
   22187.50000     577.47443      0.00001      0.00000     0.00000
   22812.50000     596.39339      0.00001      0.00000     0.00000
   23437.50000     615.93217      0.00001      0.00000     0.00000
   24062.50000     636.11107      0.00001      0.00000     0.00000
   24687.50000     656.95106      0.00001      0.00000     0.00000
   25312.50000     678.47380      0.00001      0.00000     0.00000
   25937.50000     700.70166      0.00001      0.00000     0.00000
   26562.50000     723.65773      0.00001      0.00000     0.00000
   27187.50000     747.36589      0.00001      0.00000     0.00000
   27812.50000     771.85076      0.00001      0.00000     0.00000
   28437.50000     797.13780      0.00001      0.00000     0.00000
   29062.50000     823.25327      0.00001      0.00000     0.00000
   29687.50000     850.22433      0.00001      0.00000     0.00000
   30312.50000     878.07901      0.00001      0.00000     0.00000
   30937.50000     906.84624      0.00001      0.00000     0.00000
   31562.50000     936.55594      0.00001      0.00000     0.00000
   32187.50000     967.23897      0.00001      0.00000     0.00000
   32812.50000     998.92723      0.00001      0.00000     0.00000
   33437.50000     1031.65364      0.00001      0.00000     0.00000
   34062.50000     1065.45223      0.00001      0.00000     0.00000
   34687.50000     1100.35810      0.00001      0.00000     0.00000
   35312.50000     1136.40755      0.00001      0.00000     0.00000
   35937.50000     1173.63803      0.00001      0.00000     0.00000
   36562.50000     1212.08824      0.00001      0.00000     0.00000
   37187.50000     1251.79814      0.00001      0.00000     0.00000
   37812.50000     1292.80900      0.00001      0.00000     0.00000
   38437.50000     1335.16344      0.00001      0.00000     0.00000
   39062.50000     1378.90548      0.00001      0.00000     0.00000
   39687.50000     1424.08057      0.00001      0.00000     0.00000
   40312.50000     1470.73567      0.00001      0.00000     0.00000
