   1015.00     286.78       5.40
   312.50000     289.35780      6.29015      0.00000     0.00000
   937.50000     291.50679      5.16941      0.00000     0.00000
   1562.50000     293.54997      2.87984      0.00000     0.00000
   2187.50000     295.48112      2.10694      0.00000     0.00000
   2812.50000     297.26794      1.54147      0.00000     0.00000
   3437.50000     298.89423      1.12776      0.00000     0.00000
   4062.50000     300.34977      0.00001      0.00000     0.00000
   4687.50000     301.63237      0.00001      0.00000     0.00000
   5312.50000     302.74912      0.00001      0.00000     0.00000
   5937.50000     303.71631      0.00001      0.00000     0.00000
   6562.50000     304.55771      0.00001      0.00000     0.00000
   7187.50000     305.30152      0.00001      0.00000     0.00000
   7812.50000     305.97700      0.00001      0.00000     0.00000
   8437.50000     306.61159      0.00001      0.00000     0.00000
   9062.50000     307.22909      0.00001      0.00000     0.00000
   9687.50000     307.84901      0.00001      0.00000     0.00000
   10312.50000     308.48681      0.00001      0.00000     0.00000
   10937.50000     312.30560      0.00001      0.00000     0.00000
   11562.50000     322.53678      0.00001      0.00000     0.00000
   12187.50000     333.10326      0.00001      0.00000     0.00000
   12812.50000     344.01599      0.00001      0.00000     0.00000
   13437.50000     355.28630      0.00001      0.00000     0.00000
   14062.50000     366.92589      0.00001      0.00000     0.00000
   14687.50000     378.94685      0.00001      0.00000     0.00000
   15312.50000     391.36166      0.00001      0.00000     0.00000
   15937.50000     404.18321      0.00001      0.00000     0.00000
   16562.50000     417.42484      0.00001      0.00000     0.00000
   17187.50000     431.10029      0.00001      0.00000     0.00000
   17812.50000     445.22378      0.00001      0.00000     0.00000
   18437.50000     459.80999      0.00001      0.00000     0.00000
   19062.50000     474.87406      0.00001      0.00000     0.00000
   19687.50000     490.43167      0.00001      0.00000     0.00000
   20312.50000     506.49896      0.00001      0.00000     0.00000
   20937.50000     523.09265      0.00001      0.00000     0.00000
   21562.50000     540.22998      0.00001      0.00000     0.00000
   22187.50000     557.92875      0.00001      0.00000     0.00000
   22812.50000     576.20736      0.00001      0.00000     0.00000
   23437.50000     595.08481      0.00001      0.00000     0.00000
   24062.50000     614.58072      0.00001      0.00000     0.00000
   24687.50000     634.71534      0.00001      0.00000     0.00000
   25312.50000     655.50960      0.00001      0.00000     0.00000
   25937.50000     676.98512      0.00001      0.00000     0.00000
   26562.50000     699.16421      0.00001      0.00000     0.00000
   27187.50000     722.06991      0.00001      0.00000     0.00000
   27812.50000     745.72605      0.00001      0.00000     0.00000
   28437.50000     770.15720      0.00001      0.00000     0.00000
   29062.50000     795.38875      0.00001      0.00000     0.00000
   29687.50000     821.44692      0.00001      0.00000     0.00000
   30312.50000     848.35880      0.00001      0.00000     0.00000
   30937.50000     876.15236      0.00001      0.00000     0.00000
   31562.50000     904.85648      0.00001      0.00000     0.00000
   32187.50000     934.50099      0.00001      0.00000     0.00000
   32812.50000     965.11670      0.00001      0.00000     0.00000
   33437.50000     996.73542      0.00001      0.00000     0.00000
   34062.50000     1029.39003      0.00001      0.00000     0.00000
   34687.50000     1063.11445      0.00001      0.00000     0.00000
   35312.50000     1097.94374      0.00001      0.00000     0.00000
   35937.50000     1133.91409      0.00001      0.00000     0.00000
   36562.50000     1171.06288      0.00001      0.00000     0.00000
   37187.50000     1209.42873      0.00001      0.00000     0.00000
   37812.50000     1249.05150      0.00001      0.00000     0.00000
   38437.50000     1289.97237      0.00001      0.00000     0.00000
   39062.50000     1332.23388      0.00001      0.00000     0.00000
   39687.50000     1375.87994      0.00001      0.00000     0.00000
   40312.50000     1420.95591      0.00001      0.00000     0.00000
