   1015.00     296.74      10.20
   312.50000     299.02943     11.56722      0.00000     0.00000
   937.50000     301.66463      9.97142      0.00000     0.00000
   1562.50000     304.25528      5.29586      0.00000     0.00000
   2187.50000     306.81607      3.87453      0.00000     0.00000
   2812.50000     309.29688      2.83467      0.00000     0.00000
   3437.50000     311.67310      2.07389      0.00000     0.00000
   4062.50000     313.91989      1.51729      0.00000     0.00000
   4687.50000     316.01322      1.11007      0.00000     0.00000
   5312.50000     317.93182      0.00001      0.00000     0.00000
   5937.50000     319.65962      0.00001      0.00000     0.00000
   6562.50000     321.18857      0.00001      0.00000     0.00000
   7187.50000     322.52097      0.00001      0.00000     0.00000
   7812.50000     323.67049      0.00001      0.00000     0.00000
   8437.50000     324.66113      0.00001      0.00000     0.00000
   9062.50000     325.52415      0.00001      0.00000     0.00000
   9687.50000     326.29393      0.00001      0.00000     0.00000
   10312.50000     331.07163      0.00001      0.00000     0.00000
   10937.50000     340.63146      0.00001      0.00000     0.00000
   11562.50000     350.46762      0.00001      0.00000     0.00000
   12187.50000     360.58802      0.00001      0.00000     0.00000
   12812.50000     371.00083      0.00001      0.00000     0.00000
   13437.50000     381.71445      0.00001      0.00000     0.00000
   14062.50000     392.73755      0.00001      0.00000     0.00000
   14687.50000     404.07904      0.00001      0.00000     0.00000
   15312.50000     415.74810      0.00001      0.00000     0.00000
   15937.50000     427.75418      0.00001      0.00000     0.00000
   16562.50000     440.10700      0.00001      0.00000     0.00000
   17187.50000     452.81657      0.00001      0.00000     0.00000
   17812.50000     465.89319      0.00001      0.00000     0.00000
   18437.50000     479.34746      0.00001      0.00000     0.00000
   19062.50000     493.19027      0.00001      0.00000     0.00000
   19687.50000     507.43285      0.00001      0.00000     0.00000
   20312.50000     522.08674      0.00001      0.00000     0.00000
   20937.50000     537.16382      0.00001      0.00000     0.00000
   21562.50000     552.67630      0.00001      0.00000     0.00000
   22187.50000     568.63676      0.00001      0.00000     0.00000
   22812.50000     585.05813      0.00001      0.00000     0.00000
   23437.50000     601.95373      0.00001      0.00000     0.00000
   24062.50000     619.33726      0.00001      0.00000     0.00000
   24687.50000     637.22279      0.00001      0.00000     0.00000
   25312.50000     655.62483      0.00001      0.00000     0.00000
   25937.50000     674.55830      0.00001      0.00000     0.00000
   26562.50000     694.03853      0.00001      0.00000     0.00000
   27187.50000     714.08133      0.00001      0.00000     0.00000
   27812.50000     734.70293      0.00001      0.00000     0.00000
   28437.50000     755.92005      0.00001      0.00000     0.00000
   29062.50000     777.74990      0.00001      0.00000     0.00000
   29687.50000     800.21015      0.00001      0.00000     0.00000
   30312.50000     823.31903      0.00001      0.00000     0.00000
   30937.50000     847.09525      0.00001      0.00000     0.00000
   31562.50000     871.55810      0.00001      0.00000     0.00000
   32187.50000     896.72739      0.00001      0.00000     0.00000
   32812.50000     922.62354      0.00001      0.00000     0.00000
   33437.50000     949.26753      0.00001      0.00000     0.00000
   34062.50000     976.68096      0.00001      0.00000     0.00000
   34687.50000     1004.88605      0.00001      0.00000     0.00000
   35312.50000     1033.90566      0.00001      0.00000     0.00000
   35937.50000     1063.76331      0.00001      0.00000     0.00000
   36562.50000     1094.48320      0.00001      0.00000     0.00000
   37187.50000     1126.09025      0.00001      0.00000     0.00000
   37812.50000     1158.61005      0.00001      0.00000     0.00000
   38437.50000     1192.06898      0.00001      0.00000     0.00000
   39062.50000     1226.49415      0.00001      0.00000     0.00000
   39687.50000     1261.91347      0.00001      0.00000     0.00000
   40312.50000     1298.35565      0.00001      0.00000     0.00000
