   1015.00     291.76       7.46
   312.50000     294.19329      8.56693      0.00000     0.00000
   937.50000     296.59605      7.22094      0.00000     0.00000
   1562.50000     298.92245      3.92223      0.00000     0.00000
   2187.50000     301.17371      2.86956      0.00000     0.00000
   2812.50000     303.30784      2.09942      0.00000     0.00000
   3437.50000     305.30202      1.53597      0.00000     0.00000
   4062.50000     307.13594      1.12374      0.00000     0.00000
   4687.50000     308.79396      0.00001      0.00000     0.00000
   5312.50000     310.26755      0.00001      0.00000     0.00000
   5937.50000     311.55743      0.00001      0.00000     0.00000
   6562.50000     312.67463      0.00001      0.00000     0.00000
   7187.50000     313.63978      0.00001      0.00000     0.00000
   7812.50000     314.48069      0.00001      0.00000     0.00000
   8437.50000     315.22871      0.00001      0.00000     0.00000
   9062.50000     315.91502      0.00001      0.00000     0.00000
   9687.50000     316.56785      0.00001      0.00000     0.00000
   10312.50000     317.21100      0.00001      0.00000     0.00000
   10937.50000     317.86355      0.00001      0.00000     0.00000
   11562.50000     318.54044      0.00001      0.00000     0.00000
   12187.50000     328.25756      0.00001      0.00000     0.00000
   12812.50000     339.01146      0.00001      0.00000     0.00000
   13437.50000     350.11775      0.00001      0.00000     0.00000
   14062.50000     361.58796      0.00001      0.00000     0.00000
   14687.50000     373.43400      0.00001      0.00000     0.00000
   15312.50000     385.66817      0.00001      0.00000     0.00000
   15937.50000     398.30317      0.00001      0.00000     0.00000
   16562.50000     411.35214      0.00001      0.00000     0.00000
   17187.50000     424.82864      0.00001      0.00000     0.00000
   17812.50000     438.74665      0.00001      0.00000     0.00000
   18437.50000     453.12064      0.00001      0.00000     0.00000
   19062.50000     467.96556      0.00001      0.00000     0.00000
   19687.50000     483.29683      0.00001      0.00000     0.00000
   20312.50000     499.13038      0.00001      0.00000     0.00000
   20937.50000     515.48266      0.00001      0.00000     0.00000
   21562.50000     532.37066      0.00001      0.00000     0.00000
   22187.50000     549.81195      0.00001      0.00000     0.00000
   22812.50000     567.82465      0.00001      0.00000     0.00000
   23437.50000     586.42746      0.00001      0.00000     0.00000
   24062.50000     605.63974      0.00001      0.00000     0.00000
   24687.50000     625.48144      0.00001      0.00000     0.00000
   25312.50000     645.97319      0.00001      0.00000     0.00000
   25937.50000     667.13627      0.00001      0.00000     0.00000
   26562.50000     688.99270      0.00001      0.00000     0.00000
   27187.50000     711.56517      0.00001      0.00000     0.00000
   27812.50000     734.87715      0.00001      0.00000     0.00000
   28437.50000     758.95288      0.00001      0.00000     0.00000
   29062.50000     783.81735      0.00001      0.00000     0.00000
   29687.50000     809.49643      0.00001      0.00000     0.00000
   30312.50000     836.01680      0.00001      0.00000     0.00000
   30937.50000     863.40601      0.00001      0.00000     0.00000
   31562.50000     891.69254      0.00001      0.00000     0.00000
   32187.50000     920.90578      0.00001      0.00000     0.00000
   32812.50000     951.07609      0.00001      0.00000     0.00000
   33437.50000     982.23482      0.00001      0.00000     0.00000
   34062.50000     1014.41436      0.00001      0.00000     0.00000
   34687.50000     1047.64816      0.00001      0.00000     0.00000
   35312.50000     1081.97075      0.00001      0.00000     0.00000
   35937.50000     1117.41780      0.00001      0.00000     0.00000
   36562.50000     1154.02615      0.00001      0.00000     0.00000
   37187.50000     1191.83384      0.00001      0.00000     0.00000
   37812.50000     1230.88018      0.00001      0.00000     0.00000
   38437.50000     1271.20573      0.00001      0.00000     0.00000
   39062.50000     1312.85241      0.00001      0.00000     0.00000
   39687.50000     1355.86350      0.00001      0.00000     0.00000
   40312.50000     1400.28370      0.00001      0.00000     0.00000
