   1015.00     296.74      10.20
   312.50000     299.02943     11.56722      0.00000     0.00000
   937.50000     301.66463      9.97142      0.00000     0.00000
   1562.50000     304.25528      5.29586      0.00000     0.00000
   2187.50000     306.81607      3.87453      0.00000     0.00000
   2812.50000     309.29688      2.83467      0.00000     0.00000
   3437.50000     311.67310      2.07389      0.00000     0.00000
   4062.50000     313.91989      1.51729      0.00000     0.00000
   4687.50000     316.01322      1.11007      0.00000     0.00000
   5312.50000     317.93182      0.00001      0.00000     0.00000
   5937.50000     319.65962      0.00001      0.00000     0.00000
   6562.50000     321.18857      0.00001      0.00000     0.00000
   7187.50000     322.52097      0.00001      0.00000     0.00000
   7812.50000     323.67049      0.00001      0.00000     0.00000
   8437.50000     324.66113      0.00001      0.00000     0.00000
   9062.50000     329.45110      0.00001      0.00000     0.00000
   9687.50000     338.45130      0.00001      0.00000     0.00000
   10312.50000     347.69787      0.00001      0.00000     0.00000
   10937.50000     357.19742      0.00001      0.00000     0.00000
   11562.50000     366.95679      0.00001      0.00000     0.00000
   12187.50000     376.98302      0.00001      0.00000     0.00000
   12812.50000     387.28336      0.00001      0.00000     0.00000
   13437.50000     397.86524      0.00001      0.00000     0.00000
   14062.50000     408.73635      0.00001      0.00000     0.00000
   14687.50000     419.90456      0.00001      0.00000     0.00000
   15312.50000     431.37798      0.00001      0.00000     0.00000
   15937.50000     443.16494      0.00001      0.00000     0.00000
   16562.50000     455.27399      0.00001      0.00000     0.00000
   17187.50000     467.71393      0.00001      0.00000     0.00000
   17812.50000     480.49379      0.00001      0.00000     0.00000
   18437.50000     493.62287      0.00001      0.00000     0.00000
   19062.50000     507.11070      0.00001      0.00000     0.00000
   19687.50000     520.96708      0.00001      0.00000     0.00000
   20312.50000     535.20207      0.00001      0.00000     0.00000
   20937.50000     549.82603      0.00001      0.00000     0.00000
   21562.50000     564.84958      0.00001      0.00000     0.00000
   22187.50000     580.28364      0.00001      0.00000     0.00000
   22812.50000     596.13942      0.00001      0.00000     0.00000
   23437.50000     612.42845      0.00001      0.00000     0.00000
   24062.50000     629.16257      0.00001      0.00000     0.00000
   24687.50000     646.35393      0.00001      0.00000     0.00000
   25312.50000     664.01504      0.00001      0.00000     0.00000
   25937.50000     682.15872      0.00001      0.00000     0.00000
   26562.50000     700.79816      0.00001      0.00000     0.00000
   27187.50000     719.94691      0.00001      0.00000     0.00000
   27812.50000     739.61889      0.00001      0.00000     0.00000
   28437.50000     759.82838      0.00001      0.00000     0.00000
   29062.50000     780.59009      0.00001      0.00000     0.00000
   29687.50000     801.91909      0.00001      0.00000     0.00000
   30312.50000     823.83089      0.00001      0.00000     0.00000
   30937.50000     846.34141      0.00001      0.00000     0.00000
   31562.50000     869.46701      0.00001      0.00000     0.00000
   32187.50000     893.22451      0.00001      0.00000     0.00000
   32812.50000     917.63115      0.00001      0.00000     0.00000
   33437.50000     942.70469      0.00001      0.00000     0.00000
   34062.50000     968.46335      0.00001      0.00000     0.00000
   34687.50000     994.92583      0.00001      0.00000     0.00000
   35312.50000     1022.11139      0.00001      0.00000     0.00000
   35937.50000     1050.03977      0.00001      0.00000     0.00000
   36562.50000     1078.73127      0.00001      0.00000     0.00000
   37187.50000     1108.20674      0.00001      0.00000     0.00000
   37812.50000     1138.48760      0.00001      0.00000     0.00000
   38437.50000     1169.59587      0.00001      0.00000     0.00000
   39062.50000     1201.55415      0.00001      0.00000     0.00000
   39687.50000     1234.38565      0.00001      0.00000     0.00000
   40312.50000     1268.11426      0.00001      0.00000     0.00000
