   1015.00     296.74      10.20
   312.50000     299.02943     11.56722      0.00000     0.00000
   937.50000     301.66463      9.97142      0.00000     0.00000
   1562.50000     304.25528      5.29586      0.00000     0.00000
   2187.50000     306.81607      3.87453      0.00000     0.00000
   2812.50000     309.29688      2.83467      0.00000     0.00000
   3437.50000     311.67310      2.07389      0.00000     0.00000
   4062.50000     313.91989      1.51729      0.00000     0.00000
   4687.50000     316.01322      1.11007      0.00000     0.00000
   5312.50000     317.93182      0.00001      0.00000     0.00000
   5937.50000     319.65962      0.00001      0.00000     0.00000
   6562.50000     321.18857      0.00001      0.00000     0.00000
   7187.50000     322.52097      0.00001      0.00000     0.00000
   7812.50000     323.67049      0.00001      0.00000     0.00000
   8437.50000     324.66113      0.00001      0.00000     0.00000
   9062.50000     325.52415      0.00001      0.00000     0.00000
   9687.50000     326.29393      0.00001      0.00000     0.00000
   10312.50000     327.00391      0.00001      0.00000     0.00000
   10937.50000     327.68377      0.00001      0.00000     0.00000
   11562.50000     328.35806      0.00001      0.00000     0.00000
   12187.50000     329.04620      0.00001      0.00000     0.00000
   12812.50000     329.76324      0.00001      0.00000     0.00000
   13437.50000     330.52102      0.00001      0.00000     0.00000
   14062.50000     331.32932      0.00001      0.00000     0.00000
   14687.50000     332.19690      0.00001      0.00000     0.00000
   15312.50000     336.25412      0.00001      0.00000     0.00000
   15937.50000     348.98211      0.00001      0.00000     0.00000
   16562.50000     362.19191      0.00001      0.00000     0.00000
   17187.50000     375.90176      0.00001      0.00000     0.00000
   17812.50000     390.13057      0.00001      0.00000     0.00000
   18437.50000     404.89800      0.00001      0.00000     0.00000
   19062.50000     420.22443      0.00001      0.00000     0.00000
   19687.50000     436.13100      0.00001      0.00000     0.00000
   20312.50000     452.63969      0.00001      0.00000     0.00000
   20937.50000     469.77328      0.00001      0.00000     0.00000
   21562.50000     487.55542      0.00001      0.00000     0.00000
   22187.50000     506.01066      0.00001      0.00000     0.00000
   22812.50000     525.16449      0.00001      0.00000     0.00000
   23437.50000     545.04334      0.00001      0.00000     0.00000
   24062.50000     565.67466      0.00001      0.00000     0.00000
   24687.50000     587.08692      0.00001      0.00000     0.00000
   25312.50000     609.30970      0.00001      0.00000     0.00000
   25937.50000     632.37367      0.00001      0.00000     0.00000
   26562.50000     656.31068      0.00001      0.00000     0.00000
   27187.50000     681.15376      0.00001      0.00000     0.00000
   27812.50000     706.93721      0.00001      0.00000     0.00000
   28437.50000     733.69664      0.00001      0.00000     0.00000
   29062.50000     761.46898      0.00001      0.00000     0.00000
   29687.50000     790.29258      0.00001      0.00000     0.00000
   30312.50000     820.20723      0.00001      0.00000     0.00000
   30937.50000     851.25423      0.00001      0.00000     0.00000
   31562.50000     883.47643      0.00001      0.00000     0.00000
   32187.50000     916.91834      0.00001      0.00000     0.00000
   32812.50000     951.62610      0.00001      0.00000     0.00000
   33437.50000     987.64765      0.00001      0.00000     0.00000
   34062.50000     1025.03270      0.00001      0.00000     0.00000
   34687.50000     1063.83288      0.00001      0.00000     0.00000
   35312.50000     1104.10175      0.00001      0.00000     0.00000
   35937.50000     1145.89490      0.00001      0.00000     0.00000
   36562.50000     1189.27003      0.00001      0.00000     0.00000
   37187.50000     1234.28702      0.00001      0.00000     0.00000
   37812.50000     1281.00802      0.00001      0.00000     0.00000
   38437.50000     1329.49754      0.00001      0.00000     0.00000
   39062.50000     1379.82251      0.00001      0.00000     0.00000
   39687.50000     1432.05241      0.00001      0.00000     0.00000
   40312.50000     1486.25935      0.00001      0.00000     0.00000
