   1015.00     288.77       3.59
   312.50000     291.22693      4.14258      0.00000     0.00000
   937.50000     294.88113      3.75896      0.00000     0.00000
   1562.50000     298.54125      1.12804      0.00000     0.00000
   2187.50000     302.20527      1.00657      0.00000     0.00000
   2812.50000     305.84902      0.88897      0.00000     0.00000
   3437.50000     309.45543      0.77583      0.00000     0.00000
   4062.50000     313.00403      0.66782      0.00000     0.00000
   4687.50000     316.47043      0.56572      0.00000     0.00000
   5312.50000     319.82600      0.47034      0.00000     0.00000
   5937.50000     323.03793      0.38259      0.00000     0.00000
   6562.50000     326.06983      0.30336      0.00000     0.00000
   7187.50000     328.88354      0.23351      0.00000     0.00000
   7812.50000     331.44235      0.17369      0.00000     0.00000
   8437.50000     338.49605      0.17221      0.00000     0.00000
   9062.50000     347.23473      0.18835      0.00000     0.00000
   9687.50000     356.19891      0.20600      0.00000     0.00000
   10312.50000     365.39441      0.22532      0.00000     0.00000
   10937.50000     374.82718      0.24645      0.00000     0.00000
   11562.50000     384.50333      0.26958      0.00000     0.00000
   12187.50000     394.42912      0.29488      0.00000     0.00000
   12812.50000     404.61097      0.32257      0.00000     0.00000
   13437.50000     415.05547      0.35288      0.00000     0.00000
   14062.50000     425.76938      0.38605      0.00000     0.00000
   14687.50000     436.75961      0.42235      0.00000     0.00000
   15312.50000     448.03326      0.46210      0.00000     0.00000
   15937.50000     459.59761      0.50561      0.00000     0.00000
   16562.50000     471.46013      0.55326      0.00000     0.00000
   17187.50000     483.62845      0.60544      0.00000     0.00000
   17812.50000     496.11041      0.66259      0.00000     0.00000
   18437.50000     508.91405      0.72520      0.00000     0.00000
   19062.50000     522.04760      0.79379      0.00000     0.00000
   19687.50000     535.51949      0.86895      0.00000     0.00000
   20312.50000     549.33837      0.95134      0.00000     0.00000
   20937.50000     563.51309      1.04166      0.00000     0.00000
   21562.50000     578.05271      1.14071      0.00000     0.00000
   22187.50000     592.96654      1.24936      0.00000     0.00000
   22812.50000     608.26408      1.36856      0.00000     0.00000
   23437.50000     623.95507      1.49940      0.00000     0.00000
   24062.50000     640.04948      1.64306      0.00000     0.00000
   24687.50000     656.55751      1.80086      0.00000     0.00000
   25312.50000     673.48959      1.97426      0.00000     0.00000
   25937.50000     690.85641      2.16490      0.00000     0.00000
   26562.50000     708.66889      2.37461      0.00000     0.00000
   27187.50000     726.93817      2.60542      0.00000     0.00000
   27812.50000     745.67566      2.85962      0.00000     0.00000
   28437.50000     764.89300      3.13977      0.00000     0.00000
   29062.50000     784.60208      3.44877      0.00000     0.00000
   29687.50000     804.81501      3.78987      0.00000     0.00000
   30312.50000     825.54416      4.16677      0.00000     0.00000
   30937.50000     846.80211      4.58365      0.00000     0.00000
   31562.50000     868.60167      5.04528      0.00000     0.00000
   32187.50000     890.95586      5.55711      0.00000     0.00000
   32812.50000     913.87790      6.12541      0.00000     0.00000
   33437.50000     937.38119      6.75739      0.00000     0.00000
   34062.50000     961.47929      7.46139      0.00000     0.00000
   34687.50000     986.18591      8.24715      0.00000     0.00000
   35312.50000     1011.51485      9.12605      0.00000     0.00000
   35937.50000     1037.47995     10.11149      0.00000     0.00000
   36562.50000     1064.09508     11.21935      0.00000     0.00000
   37187.50000     1091.37406     12.46863      0.00000     0.00000
   37812.50000     1119.33054     13.88216      0.00000     0.00000
   38437.50000     1147.97793     15.48770      0.00000     0.00000
   39062.50000     1177.32929     17.31928      0.00000     0.00000
   39687.50000     1207.39709     19.41911      0.00000     0.00000
   40312.50000     1238.19307     21.84015      0.00000     0.00000
   40937.50000     1269.72789     24.64979      0.00000     0.00000
   41562.50000     1302.01082     27.93506      0.00000     0.00000
   42187.50000     1335.04917     31.81038      0.00000     0.00000
   42812.50000     1368.84769     36.42911      0.00000     0.00000
   43437.50000     1403.40760     42.00166      0.00000     0.00000
   44062.50000     1438.72527     48.82452      0.00000     0.00000
   44687.50000     1474.79037     57.32891      0.00000     0.00000
   45312.50000     1511.58309     68.16650      0.00000     0.00000
   45937.50000     1549.06982     82.36944      0.00000     0.00000
   46562.50000     1587.19644     101.67208      0.00000     0.00000
   47187.50000     1625.87699     129.22178      0.00000     0.00000
   47812.50000     1664.97383     171.36040      0.00000     0.00000
   48437.50000     1704.26005     242.96281      0.00000     0.00000
   49062.50000     1743.34196     388.59532      0.00000     0.00000
   49687.50000     1781.47937     825.65734      0.00000     0.00000
   50312.50000     1817.10012     19143.16030      0.00000     0.00000
