   1015.00     281.80       3.87
   312.50000     284.51738      4.57201      0.00000     0.00000
   937.50000     286.40237      3.65462      0.00000     0.00000
   1562.50000     288.15851      2.09322      0.00000     0.00000
   2187.50000     289.77821      1.53143      0.00000     0.00000
   2812.50000     291.24113      1.12042      0.00000     0.00000
   3437.50000     292.54157      0.00001      0.00000     0.00000
   4062.50000     293.68202      0.00001      0.00000     0.00000
   4687.50000     294.67367      0.00001      0.00000     0.00000
   5312.50000     295.53551      0.00001      0.00000     0.00000
   5937.50000     296.29209      0.00001      0.00000     0.00000
   6562.50000     296.97050      0.00001      0.00000     0.00000
   7187.50000     297.59745      0.00001      0.00000     0.00000
   7812.50000     298.19705      0.00001      0.00000     0.00000
   8437.50000     298.78973      0.00001      0.00000     0.00000
   9062.50000     299.39201      0.00001      0.00000     0.00000
   9687.50000     300.01697      0.00001      0.00000     0.00000
   10312.50000     306.32651      0.00001      0.00000     0.00000
   10937.50000     316.36181      0.00001      0.00000     0.00000
   11562.50000     326.72599      0.00001      0.00000     0.00000
   12187.50000     337.42980      0.00001      0.00000     0.00000
   12812.50000     348.48435      0.00001      0.00000     0.00000
   13437.50000     359.90110      0.00001      0.00000     0.00000
   14062.50000     371.69191      0.00001      0.00000     0.00000
   14687.50000     383.86904      0.00001      0.00000     0.00000
   15312.50000     396.44513      0.00001      0.00000     0.00000
   15937.50000     409.43324      0.00001      0.00000     0.00000
   16562.50000     422.84688      0.00001      0.00000     0.00000
   17187.50000     436.69998      0.00001      0.00000     0.00000
   17812.50000     451.00693      0.00001      0.00000     0.00000
   18437.50000     465.78260      0.00001      0.00000     0.00000
   19062.50000     481.04236      0.00001      0.00000     0.00000
   19687.50000     496.80205      0.00001      0.00000     0.00000
   20312.50000     513.07805      0.00001      0.00000     0.00000
   20937.50000     529.88728      0.00001      0.00000     0.00000
   21562.50000     547.24721      0.00001      0.00000     0.00000
   22187.50000     565.17588      0.00001      0.00000     0.00000
   22812.50000     583.69192      0.00001      0.00000     0.00000
   23437.50000     602.81458      0.00001      0.00000     0.00000
   24062.50000     622.56372      0.00001      0.00000     0.00000
   24687.50000     642.95988      0.00001      0.00000     0.00000
   25312.50000     664.02424      0.00001      0.00000     0.00000
   25937.50000     685.77871      0.00001      0.00000     0.00000
   26562.50000     708.24589      0.00001      0.00000     0.00000
   27187.50000     731.44913      0.00001      0.00000     0.00000
   27812.50000     755.41255      0.00001      0.00000     0.00000
   28437.50000     780.16104      0.00001      0.00000     0.00000
   29062.50000     805.72033      0.00001      0.00000     0.00000
   29687.50000     832.11698      0.00001      0.00000     0.00000
   30312.50000     859.37843      0.00001      0.00000     0.00000
   30937.50000     887.53301      0.00001      0.00000     0.00000
   31562.50000     916.60998      0.00001      0.00000     0.00000
   32187.50000     946.63955      0.00001      0.00000     0.00000
   32812.50000     977.65294      0.00001      0.00000     0.00000
   33437.50000     1009.68237      0.00001      0.00000     0.00000
   34062.50000     1042.76114      0.00001      0.00000     0.00000
   34687.50000     1076.92362      0.00001      0.00000     0.00000
   35312.50000     1112.20532      0.00001      0.00000     0.00000
   35937.50000     1148.64290      0.00001      0.00000     0.00000
   36562.50000     1186.27423      0.00001      0.00000     0.00000
   37187.50000     1225.13842      0.00001      0.00000     0.00000
   37812.50000     1265.27587      0.00001      0.00000     0.00000
   38437.50000     1306.72828      0.00001      0.00000     0.00000
   39062.50000     1349.53873      0.00001      0.00000     0.00000
   39687.50000     1393.75172      0.00001      0.00000     0.00000
   40312.50000     1439.41320      0.00001      0.00000     0.00000
