   1015.00     281.30       5.83
   312.50000     283.42742      6.61552      0.00000     0.00000
   937.50000     286.57439      5.75151      0.00000     0.00000
   1562.50000     289.66107      1.23260      0.00000     0.00000
   2187.50000     292.68078      1.03972      0.00000     0.00000
   2812.50000     295.59031      0.86052      0.00000     0.00000
   3437.50000     298.36078      0.69667      0.00000     0.00000
   4062.50000     300.96108      0.54977      0.00000     0.00000
   4687.50000     303.35988      0.42125      0.00000     0.00000
   5312.50000     305.52880      0.31211      0.00000     0.00000
   5937.50000     307.44691      0.22269      0.00000     0.00000
   6562.50000     309.10573      0.15242      0.00000     0.00000
   7187.50000     310.51326      0.09977      0.00000     0.00000
   7812.50000     311.69503      0.06231      0.00000     0.00000
   8437.50000     312.69084      0.03707      0.00000     0.00000
   9062.50000     313.54820      0.02098      0.00000     0.00000
   9687.50000     314.31483      0.01128      0.00000     0.00000
   10312.50000     315.03297      0.00575      0.00000     0.00000
   10937.50000     315.73663      0.00277      0.00000     0.00000
   11562.50000     321.41578      0.00203      0.00000     0.00000
   12187.50000     331.94593      0.00227      0.00000     0.00000
   12812.50000     342.82107      0.00255      0.00000     0.00000
   13437.50000     354.05250      0.00285      0.00000     0.00000
   14062.50000     365.65188      0.00319      0.00000     0.00000
   14687.50000     377.63129      0.00357      0.00000     0.00000
   15312.50000     390.00315      0.00400      0.00000     0.00000
   15937.50000     402.78033      0.00448      0.00000     0.00000
   16562.50000     415.97612      0.00501      0.00000     0.00000
   17187.50000     429.60421      0.00561      0.00000     0.00000
   17812.50000     443.67878      0.00628      0.00000     0.00000
   18437.50000     458.21445      0.00704      0.00000     0.00000
   19062.50000     473.22632      0.00788      0.00000     0.00000
   19687.50000     488.73000      0.00882      0.00000     0.00000
   20312.50000     504.74160      0.00987      0.00000     0.00000
   20937.50000     521.27775      0.01105      0.00000     0.00000
   21562.50000     538.35564      0.01238      0.00000     0.00000
   22187.50000     555.99302      0.01386      0.00000     0.00000
   22812.50000     574.20820      0.01551      0.00000     0.00000
   23437.50000     593.02012      0.01737      0.00000     0.00000
   24062.50000     612.44833      0.01945      0.00000     0.00000
   24687.50000     632.51300      0.02177      0.00000     0.00000
   25312.50000     653.23499      0.02438      0.00000     0.00000
   25937.50000     674.63582      0.02729      0.00000     0.00000
   26562.50000     696.73773      0.03056      0.00000     0.00000
   27187.50000     719.56368      0.03422      0.00000     0.00000
   27812.50000     743.13738      0.03831      0.00000     0.00000
   28437.50000     767.48331      0.04289      0.00000     0.00000
   29062.50000     792.62676      0.04802      0.00000     0.00000
   29687.50000     818.59385      0.05377      0.00000     0.00000
   30312.50000     845.41154      0.06020      0.00000     0.00000
   30937.50000     873.10768      0.06740      0.00000     0.00000
   31562.50000     901.71103      0.07547      0.00000     0.00000
   32187.50000     931.25127      0.08450      0.00000     0.00000
   32812.50000     961.75909      0.09461      0.00000     0.00000
   33437.50000     993.26612      0.10594      0.00000     0.00000
   34062.50000     1025.80509      0.11862      0.00000     0.00000
   34687.50000     1059.40973      0.13282      0.00000     0.00000
   35312.50000     1094.11492      0.14872      0.00000     0.00000
   35937.50000     1129.95664      0.16652      0.00000     0.00000
   36562.50000     1166.97206      0.18647      0.00000     0.00000
   37187.50000     1205.19954      0.20880      0.00000     0.00000
   37812.50000     1244.67869      0.23381      0.00000     0.00000
   38437.50000     1285.45041      0.26183      0.00000     0.00000
   39062.50000     1327.55691      0.29321      0.00000     0.00000
   39687.50000     1371.04177      0.32836      0.00000     0.00000
   40312.50000     1415.94997      0.36774      0.00000     0.00000
