   1015.00     308.69      12.21
   312.50000     310.50578     13.38849      0.00000     0.00000
   937.50000     314.90593     12.91733      0.00000     0.00000
   1562.50000     319.39228      4.14853      0.00000     0.00000
   2187.50000     324.00024      3.99273      0.00000     0.00000
   2812.50000     328.69711      3.83672      0.00000     0.00000
   3437.50000     333.48398      3.68058      0.00000     0.00000
   4062.50000     338.36182      3.52438      0.00000     0.00000
   4687.50000     343.33142      3.36819      0.00000     0.00000
   5312.50000     348.39339      3.21210      0.00000     0.00000
   5937.50000     353.54809      3.05620      0.00000     0.00000
   6562.50000     358.79556      2.90059      0.00000     0.00000
   7187.50000     364.13550      2.74539      0.00000     0.00000
   7812.50000     369.56714      2.59074      0.00000     0.00000
   8437.50000     375.08917      2.43677      0.00000     0.00000
   9062.50000     380.69962      2.28364      0.00000     0.00000
   9687.50000     386.39570      2.13155      0.00000     0.00000
   10312.50000     392.17359      1.98069      0.00000     0.00000
   10937.50000     398.02826      1.83131      0.00000     0.00000
   11562.50000     403.95314      1.68369      0.00000     0.00000
   12187.50000     409.93978      1.53814      0.00000     0.00000
   12812.50000     415.97739      1.39501      0.00000     0.00000
   13437.50000     422.05227      1.25475      0.00000     0.00000
   14062.50000     428.14709      1.11785      0.00000     0.00000
   14687.50000     434.24003      0.98489      0.00000     0.00000
   15312.50000     440.30366      0.85655      0.00000     0.00000
   15937.50000     446.30370      0.73364      0.00000     0.00000
   16562.50000     452.19754      0.61708      0.00000     0.00000
   17187.50000     457.93279      0.50793      0.00000     0.00000
   17812.50000     463.44616      0.40740      0.00000     0.00000
   18437.50000     468.66345      0.31676      0.00000     0.00000
   19062.50000     473.50186      0.23729      0.00000     0.00000
   19687.50000     477.87671      0.17008      0.00000     0.00000
   20312.50000     481.71413      0.11581      0.00000     0.00000
   20937.50000     484.96974      0.07440      0.00000     0.00000
   21562.50000     487.64796      0.04485      0.00000     0.00000
   22187.50000     489.81114      0.02529      0.00000     0.00000
   22812.50000     491.56917      0.01332      0.00000     0.00000
   23437.50000     493.05223      0.00656      0.00000     0.00000
   24062.50000     502.05900      0.00485      0.00000     0.00000
   24687.50000     518.50732      0.00543      0.00000     0.00000
   25312.50000     535.49451      0.00607      0.00000     0.00000
   25937.50000     553.03822      0.00680      0.00000     0.00000
   26562.50000     571.15668      0.00761      0.00000     0.00000
   27187.50000     589.86873      0.00852      0.00000     0.00000
   27812.50000     609.19380      0.00954      0.00000     0.00000
   28437.50000     629.15198      0.01069      0.00000     0.00000
   29062.50000     649.76401      0.01196      0.00000     0.00000
   29687.50000     671.05130      0.01339      0.00000     0.00000
   30312.50000     693.03598      0.01500      0.00000     0.00000
   30937.50000     715.74088      0.01679      0.00000     0.00000
   31562.50000     739.18961      0.01880      0.00000     0.00000
   32187.50000     763.40651      0.02105      0.00000     0.00000
   32812.50000     788.41676      0.02357      0.00000     0.00000
   33437.50000     814.24634      0.02639      0.00000     0.00000
   34062.50000     840.92208      0.02954      0.00000     0.00000
   34687.50000     868.47170      0.03308      0.00000     0.00000
   35312.50000     896.92381      0.03704      0.00000     0.00000
   35937.50000     926.30796      0.04147      0.00000     0.00000
   36562.50000     956.65468      0.04643      0.00000     0.00000
   37187.50000     987.99549      0.05199      0.00000     0.00000
   37812.50000     1020.36293      0.05821      0.00000     0.00000
   38437.50000     1053.79062      0.06518      0.00000     0.00000
   39062.50000     1088.31325      0.07298      0.00000     0.00000
   39687.50000     1123.96669      0.08172      0.00000     0.00000
   40312.50000     1160.78793      0.09151      0.00000     0.00000
   40937.50000     1198.81519      0.10247      0.00000     0.00000
   41562.50000     1238.08794      0.11475      0.00000     0.00000
   42187.50000     1278.64692      0.12850      0.00000     0.00000
   42812.50000     1320.53422      0.14390      0.00000     0.00000
   43437.50000     1363.79326      0.16115      0.00000     0.00000
   44062.50000     1408.46892      0.18048      0.00000     0.00000
   44687.50000     1454.60749      0.20213      0.00000     0.00000
   45312.50000     1502.25680      0.22638      0.00000     0.00000
   45937.50000     1551.46620      0.25356      0.00000     0.00000
   46562.50000     1602.28665      0.28402      0.00000     0.00000
   47187.50000     1654.77074      0.31815      0.00000     0.00000
   47812.50000     1708.97279      0.35641      0.00000     0.00000
   48437.50000     1764.94882      0.39930      0.00000     0.00000
   49062.50000     1822.75668      0.44738      0.00000     0.00000
   49687.50000     1882.45607      0.50130      0.00000     0.00000
   50312.50000     1944.10857      0.56177      0.00000     0.00000
