   1015.00     296.74      10.20
   312.50000     299.02943     11.56722      0.00000     0.00000
   937.50000     301.66463      9.97142      0.00000     0.00000
   1562.50000     304.25528      5.29586      0.00000     0.00000
   2187.50000     306.81607      3.87453      0.00000     0.00000
   2812.50000     309.29688      2.83467      0.00000     0.00000
   3437.50000     311.67310      2.07389      0.00000     0.00000
   4062.50000     313.91989      1.51729      0.00000     0.00000
   4687.50000     316.01322      1.11007      0.00000     0.00000
   5312.50000     317.93182      0.00001      0.00000     0.00000
   5937.50000     319.65962      0.00001      0.00000     0.00000
   6562.50000     321.18857      0.00001      0.00000     0.00000
   7187.50000     322.52097      0.00001      0.00000     0.00000
   7812.50000     329.24557      0.00001      0.00000     0.00000
   8437.50000     337.74317      0.00001      0.00000     0.00000
   9062.50000     346.46096      0.00001      0.00000     0.00000
   9687.50000     355.40442      0.00001      0.00000     0.00000
   10312.50000     364.57924      0.00001      0.00000     0.00000
   10937.50000     373.99127      0.00001      0.00000     0.00000
   11562.50000     383.64655      0.00001      0.00000     0.00000
   12187.50000     393.55132      0.00001      0.00000     0.00000
   12812.50000     403.71195      0.00001      0.00000     0.00000
   13437.50000     414.13502      0.00001      0.00000     0.00000
   14062.50000     424.82729      0.00001      0.00000     0.00000
   14687.50000     435.79568      0.00001      0.00000     0.00000
   15312.50000     447.04730      0.00001      0.00000     0.00000
   15937.50000     458.58947      0.00001      0.00000     0.00000
   16562.50000     470.42966      0.00001      0.00000     0.00000
   17187.50000     482.57557      0.00001      0.00000     0.00000
   17812.50000     495.03509      0.00001      0.00000     0.00000
   18437.50000     507.81631      0.00001      0.00000     0.00000
   19062.50000     520.92754      0.00001      0.00000     0.00000
   19687.50000     534.37729      0.00001      0.00000     0.00000
   20312.50000     548.17430      0.00001      0.00000     0.00000
   20937.50000     562.32754      0.00001      0.00000     0.00000
   21562.50000     576.84621      0.00001      0.00000     0.00000
   22187.50000     591.73973      0.00001      0.00000     0.00000
   22812.50000     607.01778      0.00001      0.00000     0.00000
   23437.50000     622.69030      0.00001      0.00000     0.00000
   24062.50000     638.76747      0.00001      0.00000     0.00000
   24687.50000     655.25973      0.00001      0.00000     0.00000
   25312.50000     672.17780      0.00001      0.00000     0.00000
   25937.50000     689.53268      0.00001      0.00000     0.00000
   26562.50000     707.33565      0.00001      0.00000     0.00000
   27187.50000     725.59827      0.00001      0.00000     0.00000
   27812.50000     744.33240      0.00001      0.00000     0.00000
   28437.50000     763.55024      0.00001      0.00000     0.00000
   29062.50000     783.26425      0.00001      0.00000     0.00000
   29687.50000     803.48726      0.00001      0.00000     0.00000
   30312.50000     824.23241      0.00001      0.00000     0.00000
   30937.50000     845.51317      0.00001      0.00000     0.00000
   31562.50000     867.34337      0.00001      0.00000     0.00000
   32187.50000     889.73721      0.00001      0.00000     0.00000
   32812.50000     912.70923      0.00001      0.00000     0.00000
   33437.50000     936.27437      0.00001      0.00000     0.00000
   34062.50000     960.44793      0.00001      0.00000     0.00000
   34687.50000     985.24562      0.00001      0.00000     0.00000
   35312.50000     1010.68357      0.00001      0.00000     0.00000
   35937.50000     1036.77829      0.00001      0.00000     0.00000
   36562.50000     1063.54675      0.00001      0.00000     0.00000
   37187.50000     1091.00634      0.00001      0.00000     0.00000
   37812.50000     1119.17491      0.00001      0.00000     0.00000
   38437.50000     1148.07076      0.00001      0.00000     0.00000
   39062.50000     1177.71266      0.00001      0.00000     0.00000
   39687.50000     1208.11989      0.00001      0.00000     0.00000
   40312.50000     1239.31220      0.00001      0.00000     0.00000
