   1015.00     296.74      10.20
   312.50000     299.02943     11.56722      0.00000     0.00000
   937.50000     301.66463      9.97142      0.00000     0.00000
   1562.50000     304.25528      5.29586      0.00000     0.00000
   2187.50000     306.81607      3.87453      0.00000     0.00000
   2812.50000     309.29688      2.83467      0.00000     0.00000
   3437.50000     311.67310      2.07389      0.00000     0.00000
   4062.50000     313.91989      1.51729      0.00000     0.00000
   4687.50000     316.01322      1.11007      0.00000     0.00000
   5312.50000     317.93182      0.00001      0.00000     0.00000
   5937.50000     319.65962      0.00001      0.00000     0.00000
   6562.50000     321.18857      0.00001      0.00000     0.00000
   7187.50000     322.52097      0.00001      0.00000     0.00000
   7812.50000     323.67049      0.00001      0.00000     0.00000
   8437.50000     324.66113      0.00001      0.00000     0.00000
   9062.50000     325.52415      0.00001      0.00000     0.00000
   9687.50000     326.29393      0.00001      0.00000     0.00000
   10312.50000     327.00391      0.00001      0.00000     0.00000
   10937.50000     333.41691      0.00001      0.00000     0.00000
   11562.50000     343.27848      0.00001      0.00000     0.00000
   12187.50000     353.43195      0.00001      0.00000     0.00000
   12812.50000     363.88590      0.00001      0.00000     0.00000
   13437.50000     374.64918      0.00001      0.00000     0.00000
   14062.50000     385.73092      0.00001      0.00000     0.00000
   14687.50000     397.14051      0.00001      0.00000     0.00000
   15312.50000     408.88764      0.00001      0.00000     0.00000
   15937.50000     420.98228      0.00001      0.00000     0.00000
   16562.50000     433.43470      0.00001      0.00000     0.00000
   17187.50000     446.25548      0.00001      0.00000     0.00000
   17812.50000     459.45550      0.00001      0.00000     0.00000
   18437.50000     473.04599      0.00001      0.00000     0.00000
   19062.50000     487.03850      0.00001      0.00000     0.00000
   19687.50000     501.44490      0.00001      0.00000     0.00000
   20312.50000     516.27744      0.00001      0.00000     0.00000
   20937.50000     531.54872      0.00001      0.00000     0.00000
   21562.50000     547.27173      0.00001      0.00000     0.00000
   22187.50000     563.45982      0.00001      0.00000     0.00000
   22812.50000     580.12675      0.00001      0.00000     0.00000
   23437.50000     597.28668      0.00001      0.00000     0.00000
   24062.50000     614.95420      0.00001      0.00000     0.00000
   24687.50000     633.14432      0.00001      0.00000     0.00000
   25312.50000     651.87249      0.00001      0.00000     0.00000
   25937.50000     671.15464      0.00001      0.00000     0.00000
   26562.50000     691.00714      0.00001      0.00000     0.00000
   27187.50000     711.44688      0.00001      0.00000     0.00000
   27812.50000     732.49122      0.00001      0.00000     0.00000
   28437.50000     754.15804      0.00001      0.00000     0.00000
   29062.50000     776.46575      0.00001      0.00000     0.00000
   29687.50000     799.43333      0.00001      0.00000     0.00000
   30312.50000     823.08027      0.00001      0.00000     0.00000
   30937.50000     847.42668      0.00001      0.00000     0.00000
   31562.50000     872.49325      0.00001      0.00000     0.00000
   32187.50000     898.30128      0.00001      0.00000     0.00000
   32812.50000     924.87270      0.00001      0.00000     0.00000
   33437.50000     952.23010      0.00001      0.00000     0.00000
   34062.50000     980.39671      0.00001      0.00000     0.00000
   34687.50000     1009.39649      0.00001      0.00000     0.00000
   35312.50000     1039.25406      0.00001      0.00000     0.00000
   35937.50000     1069.99481      0.00001      0.00000     0.00000
   36562.50000     1101.64487      0.00001      0.00000     0.00000
   37187.50000     1134.23112      0.00001      0.00000     0.00000
   37812.50000     1167.78126      0.00001      0.00000     0.00000
   38437.50000     1202.32380      0.00001      0.00000     0.00000
   39062.50000     1237.88809      0.00001      0.00000     0.00000
   39687.50000     1274.50437      0.00001      0.00000     0.00000
   40312.50000     1312.20374      0.00001      0.00000     0.00000
