   1015.00     306.69      18.60
   312.50000     308.72311     20.66703      0.00000     0.00000
   937.50000     311.72523     18.46522      0.00000     0.00000
   1562.50000     314.74066      9.46206      0.00000     0.00000
   2187.50000     317.82719      6.92259      0.00000     0.00000
   2812.50000     320.91463      5.06467      0.00000     0.00000
   3437.50000     323.98351      3.70539      0.00000     0.00000
   4062.50000     327.01318      2.71092      0.00000     0.00000
   4687.50000     329.98133      1.98335      0.00000     0.00000
   5312.50000     332.86361      1.45105      0.00000     0.00000
   5937.50000     335.63368      1.06161      0.00000     0.00000
   6562.50000     338.26360      0.00001      0.00000     0.00000
   7187.50000     340.72503      0.00001      0.00000     0.00000
   7812.50000     342.99120      0.00001      0.00000     0.00000
   8437.50000     345.03986      0.00001      0.00000     0.00000
   9062.50000     346.85693      0.00001      0.00000     0.00000
   9687.50000     348.44003      0.00001      0.00000     0.00000
   10312.50000     349.80073      0.00001      0.00000     0.00000
   10937.50000     350.96433      0.00001      0.00000     0.00000
   11562.50000     351.96666      0.00001      0.00000     0.00000
   12187.50000     352.84893      0.00001      0.00000     0.00000
   12812.50000     353.65223      0.00001      0.00000     0.00000
   13437.50000     354.41340      0.00001      0.00000     0.00000
   14062.50000     355.16293      0.00001      0.00000     0.00000
   14687.50000     355.92473      0.00001      0.00000     0.00000
   15312.50000     363.73175      0.00001      0.00000     0.00000
   15937.50000     375.64798      0.00001      0.00000     0.00000
   16562.50000     387.95465      0.00001      0.00000     0.00000
   17187.50000     400.66454      0.00001      0.00000     0.00000
   17812.50000     413.79085      0.00001      0.00000     0.00000
   18437.50000     427.34723      0.00001      0.00000     0.00000
   19062.50000     441.34774      0.00001      0.00000     0.00000
   19687.50000     455.80695      0.00001      0.00000     0.00000
   20312.50000     470.73987      0.00001      0.00000     0.00000
   20937.50000     486.16202      0.00001      0.00000     0.00000
   21562.50000     502.08943      0.00001      0.00000     0.00000
   22187.50000     518.53865      0.00001      0.00000     0.00000
   22812.50000     535.52678      0.00001      0.00000     0.00000
   23437.50000     553.07146      0.00001      0.00000     0.00000
   24062.50000     571.19094      0.00001      0.00000     0.00000
   24687.50000     589.90404      0.00001      0.00000     0.00000
   25312.50000     609.23021      0.00001      0.00000     0.00000
   25937.50000     629.18954      0.00001      0.00000     0.00000
   26562.50000     649.80277      0.00001      0.00000     0.00000
   27187.50000     671.09132      0.00001      0.00000     0.00000
   27812.50000     693.07732      0.00001      0.00000     0.00000
   28437.50000     715.78361      0.00001      0.00000     0.00000
   29062.50000     739.23380      0.00001      0.00000     0.00000
   29687.50000     763.45225      0.00001      0.00000     0.00000
   30312.50000     788.46414      0.00001      0.00000     0.00000
   30937.50000     814.29545      0.00001      0.00000     0.00000
   31562.50000     840.97304      0.00001      0.00000     0.00000
   32187.50000     868.52463      0.00001      0.00000     0.00000
   32812.50000     896.97885      0.00001      0.00000     0.00000
   33437.50000     926.36527      0.00001      0.00000     0.00000
   34062.50000     956.71444      0.00001      0.00000     0.00000
   34687.50000     988.05790      0.00001      0.00000     0.00000
   35312.50000     1020.42822      0.00001      0.00000     0.00000
   35937.50000     1053.85904      0.00001      0.00000     0.00000
   36562.50000     1088.38510      0.00001      0.00000     0.00000
   37187.50000     1124.04229      0.00001      0.00000     0.00000
   37812.50000     1160.86767      0.00001      0.00000     0.00000
   38437.50000     1198.89951      0.00001      0.00000     0.00000
   39062.50000     1238.17732      0.00001      0.00000     0.00000
   39687.50000     1278.74194      0.00001      0.00000     0.00000
   40312.50000     1320.63552      0.00001      0.00000     0.00000
