   1015.00     293.75      13.18
   312.50000     295.45239     14.43429      0.00000     0.00000
   937.50000     299.29149     13.33403      0.00000     0.00000
   1562.50000     303.16556      3.06244      0.00000     0.00000
   2187.50000     307.10613      2.79720      0.00000     0.00000
   2812.50000     311.06540      2.53700      0.00000     0.00000
   3437.50000     315.03315      2.28265      0.00000     0.00000
   4062.50000     318.99689      2.03508      0.00000     0.00000
   4687.50000     322.94134      1.79536      0.00000     0.00000
   5312.50000     326.84788      1.56472      0.00000     0.00000
   5937.50000     330.69400      1.34456      0.00000     0.00000
   6562.50000     334.45275      1.13647      0.00000     0.00000
   7187.50000     338.09226      0.94218      0.00000     0.00000
   7812.50000     341.57577      0.76359      0.00000     0.00000
   8437.50000     347.71152      0.72149      0.00000     0.00000
   9062.50000     356.35529      0.78674      0.00000     0.00000
   9687.50000     365.21356      0.85791      0.00000     0.00000
   10312.50000     374.29161      0.93557      0.00000     0.00000
   10937.50000     383.59486      1.02032      0.00000     0.00000
   11562.50000     393.12882      1.11280      0.00000     0.00000
   12187.50000     402.89917      1.21374      0.00000     0.00000
   12812.50000     412.91169      1.32393      0.00000     0.00000
   13437.50000     423.17230      1.44423      0.00000     0.00000
   14062.50000     433.68708      1.57558      0.00000     0.00000
   14687.50000     444.46222      1.71903      0.00000     0.00000
   15312.50000     455.50405      1.87572      0.00000     0.00000
   15937.50000     466.81907      2.04691      0.00000     0.00000
   16562.50000     478.41389      2.23398      0.00000     0.00000
   17187.50000     490.29527      2.43844      0.00000     0.00000
   17812.50000     502.47015      2.66199      0.00000     0.00000
   18437.50000     514.94556      2.90646      0.00000     0.00000
   19062.50000     527.72872      3.17390      0.00000     0.00000
   19687.50000     540.82698      3.46657      0.00000     0.00000
   20312.50000     554.24784      3.78696      0.00000     0.00000
   20937.50000     567.99894      4.13785      0.00000     0.00000
   21562.50000     582.08806      4.52232      0.00000     0.00000
   22187.50000     596.52313      4.94377      0.00000     0.00000
   22812.50000     611.31222      5.40602      0.00000     0.00000
   23437.50000     626.46352      5.91331      0.00000     0.00000
   24062.50000     641.98535      6.47039      0.00000     0.00000
   24687.50000     657.88617      7.08259      0.00000     0.00000
   25312.50000     674.17452      7.75587      0.00000     0.00000
   25937.50000     690.85907      8.49697      0.00000     0.00000
   26562.50000     707.94855      9.31348      0.00000     0.00000
   27187.50000     725.45180     10.21400      0.00000     0.00000
   27812.50000     743.37768     11.20831      0.00000     0.00000
   28437.50000     761.73509     12.30755      0.00000     0.00000
   29062.50000     780.53295     13.52449      0.00000     0.00000
   29687.50000     799.78014     14.87379      0.00000     0.00000
   30312.50000     819.48547     16.37238      0.00000     0.00000
   30937.50000     839.65765     18.03992      0.00000     0.00000
   31562.50000     860.30521     19.89932      0.00000     0.00000
   32187.50000     881.43645     21.97748      0.00000     0.00000
   32812.50000     903.05936     24.30615      0.00000     0.00000
   33437.50000     925.18151     26.92308      0.00000     0.00000
   34062.50000     947.80994     29.87351      0.00000     0.00000
   34687.50000     970.95102     33.21205      0.00000     0.00000
   35312.50000     994.61026     37.00530      0.00000     0.00000
   35937.50000     1018.79209     41.33523      0.00000     0.00000
   36562.50000     1043.49960     46.30393      0.00000     0.00000
   37187.50000     1068.73418     52.04005      0.00000     0.00000
   37812.50000     1094.49510     58.70807      0.00000     0.00000
   38437.50000     1120.77894     66.52148      0.00000     0.00000
   39062.50000     1147.57889     75.76247      0.00000     0.00000
   39687.50000     1174.88375     86.81161      0.00000     0.00000
   40312.50000     1202.67679     100.19434      0.00000     0.00000
