   1015.00     293.75      13.18
   312.50000     295.45239     14.43429      0.00000     0.00000
   937.50000     299.29149     13.33403      0.00000     0.00000
   1562.50000     303.16556      3.06244      0.00000     0.00000
   2187.50000     307.10613      2.79720      0.00000     0.00000
   2812.50000     311.06540      2.53700      0.00000     0.00000
   3437.50000     315.03315      2.28265      0.00000     0.00000
   4062.50000     318.99689      2.03508      0.00000     0.00000
   4687.50000     322.94134      1.79536      0.00000     0.00000
   5312.50000     326.84788      1.56472      0.00000     0.00000
   5937.50000     330.69400      1.34456      0.00000     0.00000
   6562.50000     334.45275      1.13647      0.00000     0.00000
   7187.50000     338.09226      0.94218      0.00000     0.00000
   7812.50000     341.57577      0.76359      0.00000     0.00000
   8437.50000     344.86225      0.60260      0.00000     0.00000
   9062.50000     347.90838      0.46101      0.00000     0.00000
   9687.50000     350.67242      0.34025      0.00000     0.00000
   10312.50000     353.12024      0.24106      0.00000     0.00000
   10937.50000     357.48224      0.18993      0.00000     0.00000
   11562.50000     367.11935      0.20851      0.00000     0.00000
   12187.50000     377.01616      0.22892      0.00000     0.00000
   12812.50000     387.17962      0.25133      0.00000     0.00000
   13437.50000     397.61692      0.27594      0.00000     0.00000
   14062.50000     408.33540      0.30296      0.00000     0.00000
   14687.50000     419.34264      0.33264      0.00000     0.00000
   15312.50000     430.64637      0.36523      0.00000     0.00000
   15937.50000     442.25455      0.40102      0.00000     0.00000
   16562.50000     454.17537      0.44033      0.00000     0.00000
   17187.50000     466.41719      0.48351      0.00000     0.00000
   17812.50000     478.98863      0.53095      0.00000     0.00000
   18437.50000     491.89852      0.58305      0.00000     0.00000
   19062.50000     505.15591      0.64029      0.00000     0.00000
   19687.50000     518.77011      0.70318      0.00000     0.00000
   20312.50000     532.75065      0.77228      0.00000     0.00000
   20937.50000     547.10732      0.84822      0.00000     0.00000
   21562.50000     561.85015      0.93167      0.00000     0.00000
   22187.50000     576.98944      1.02340      0.00000     0.00000
   22812.50000     592.53575      1.12423      0.00000     0.00000
   23437.50000     608.49990      1.23509      0.00000     0.00000
   24062.50000     624.89298      1.35699      0.00000     0.00000
   24687.50000     641.72638      1.49105      0.00000     0.00000
   25312.50000     659.01174      1.63852      0.00000     0.00000
   25937.50000     676.76102      1.80076      0.00000     0.00000
   26562.50000     694.98644      1.97930      0.00000     0.00000
   27187.50000     713.70053      2.17582      0.00000     0.00000
   27812.50000     732.91611      2.39220      0.00000     0.00000
   28437.50000     752.64631      2.63051      0.00000     0.00000
   29062.50000     772.90455      2.89306      0.00000     0.00000
   29687.50000     793.70457      3.18242      0.00000     0.00000
   30312.50000     815.06038      3.50145      0.00000     0.00000
   30937.50000     836.98633      3.85336      0.00000     0.00000
   31562.50000     859.49703      4.24173      0.00000     0.00000
   32187.50000     882.60743      4.67055      0.00000     0.00000
   32812.50000     906.33273      5.14432      0.00000     0.00000
   33437.50000     930.68844      5.66809      0.00000     0.00000
   34062.50000     955.69031      6.24756      0.00000     0.00000
   34687.50000     981.35437      6.88918      0.00000     0.00000
   35312.50000     1007.69689      7.60021      0.00000     0.00000
   35937.50000     1034.73433      8.38895      0.00000     0.00000
   36562.50000     1062.48337      9.26484      0.00000     0.00000
   37187.50000     1090.96083     10.23868      0.00000     0.00000
   37812.50000     1120.18365     11.32285      0.00000     0.00000
   38437.50000     1150.16882     12.53166      0.00000     0.00000
   39062.50000     1180.93335     13.88165      0.00000     0.00000
   39687.50000     1212.49418     15.39210      0.00000     0.00000
   40312.50000     1244.86808     17.08555      0.00000     0.00000
   40937.50000     1278.07156     18.98853      0.00000     0.00000
   41562.50000     1312.12070     21.13250      0.00000     0.00000
   42187.50000     1347.03106     23.55498      0.00000     0.00000
   42812.50000     1382.81738     26.30108      0.00000     0.00000
   43437.50000     1419.49342     29.42555      0.00000     0.00000
   44062.50000     1457.07162     32.99539      0.00000     0.00000
   44687.50000     1495.56269     37.09356      0.00000     0.00000
   45312.50000     1534.97518     41.82387      0.00000     0.00000
   45937.50000     1575.31484     47.31805      0.00000     0.00000
   46562.50000     1616.58384     53.74563      0.00000     0.00000
   47187.50000     1658.77977     61.32850      0.00000     0.00000
   47812.50000     1701.89435     70.36262      0.00000     0.00000
   48437.50000     1745.91165     81.25144      0.00000     0.00000
   49062.50000     1790.80575     94.55902      0.00000     0.00000
   49687.50000     1836.53756     111.09789      0.00000     0.00000
   50312.50000     1883.05037     132.08097      0.00000     0.00000
