   1015.00     293.75       4.94
   312.50000     296.04092      5.61464      0.00000     0.00000
   937.50000     299.94358      5.20079      0.00000     0.00000
   1562.50000     303.88357      1.59740      0.00000     0.00000
   2187.50000     307.86825      1.46348      0.00000     0.00000
   2812.50000     311.87612      1.33187      0.00000     0.00000
   3437.50000     315.89780      1.20298      0.00000     0.00000
   4062.50000     319.92180      1.07724      0.00000     0.00000
   4687.50000     323.93399      0.95515      0.00000     0.00000
   5312.50000     327.91716      0.83730      0.00000     0.00000
   5937.50000     331.85040      0.72435      0.00000     0.00000
   6562.50000     335.70852      0.61706      0.00000     0.00000
   7187.50000     339.46149      0.51627      0.00000     0.00000
   7812.50000     343.07421      0.42289      0.00000     0.00000
   8437.50000     346.50677      0.33790      0.00000     0.00000
   9062.50000     349.71572      0.26225      0.00000     0.00000
   9687.50000     352.65708      0.19677      0.00000     0.00000
   10312.50000     355.29143      0.14200      0.00000     0.00000
   10937.50000     357.59126      0.09809      0.00000     0.00000
   11562.50000     359.54897      0.06457      0.00000     0.00000
   12187.50000     361.18263      0.04038      0.00000     0.00000
   12812.50000     362.53579      0.02393      0.00000     0.00000
   13437.50000     363.67015      0.01342      0.00000     0.00000
   14062.50000     364.65367      0.00712      0.00000     0.00000
   14687.50000     365.54953      0.00356      0.00000     0.00000
   15312.50000     366.40959      0.00168      0.00000     0.00000
   15937.50000     377.77973      0.00179      0.00000     0.00000
   16562.50000     390.15647      0.00200      0.00000     0.00000
   17187.50000     402.93870      0.00224      0.00000     0.00000
   17812.50000     416.13969      0.00251      0.00000     0.00000
   18437.50000     429.77316      0.00281      0.00000     0.00000
   19062.50000     443.85329      0.00315      0.00000     0.00000
   19687.50000     458.39471      0.00352      0.00000     0.00000
   20312.50000     473.41252      0.00394      0.00000     0.00000
   20937.50000     488.92235      0.00442      0.00000     0.00000
   21562.50000     504.94029      0.00494      0.00000     0.00000
   22187.50000     521.48301      0.00554      0.00000     0.00000
   22812.50000     538.56768      0.00620      0.00000     0.00000
   23437.50000     556.21207      0.00694      0.00000     0.00000
   24062.50000     574.43452      0.00777      0.00000     0.00000
   24687.50000     593.25395      0.00870      0.00000     0.00000
   25312.50000     612.68992      0.00974      0.00000     0.00000
   25937.50000     632.76264      0.01090      0.00000     0.00000
   26562.50000     653.49295      0.01221      0.00000     0.00000
   27187.50000     674.90241      0.01367      0.00000     0.00000
   27812.50000     697.01325      0.01530      0.00000     0.00000
   28437.50000     719.84845      0.01713      0.00000     0.00000
   29062.50000     743.43174      0.01918      0.00000     0.00000
   29687.50000     767.78762      0.02148      0.00000     0.00000
   30312.50000     792.94140      0.02404      0.00000     0.00000
   30937.50000     818.91920      0.02692      0.00000     0.00000
   31562.50000     845.74802      0.03014      0.00000     0.00000
   32187.50000     873.45573      0.03375      0.00000     0.00000
   32812.50000     902.07111      0.03779      0.00000     0.00000
   33437.50000     931.62388      0.04231      0.00000     0.00000
   34062.50000     962.14474      0.04737      0.00000     0.00000
   34687.50000     993.66538      0.05304      0.00000     0.00000
   35312.50000     1026.21855      0.05939      0.00000     0.00000
   35937.50000     1059.83804      0.06650      0.00000     0.00000
   36562.50000     1094.55877      0.07446      0.00000     0.00000
   37187.50000     1130.41677      0.08338      0.00000     0.00000
   37812.50000     1167.44928      0.09337      0.00000     0.00000
   38437.50000     1205.69472      0.10455      0.00000     0.00000
   39062.50000     1245.19278      0.11708      0.00000     0.00000
   39687.50000     1285.98445      0.13111      0.00000     0.00000
   40312.50000     1328.11205      0.14682      0.00000     0.00000
   40937.50000     1371.61925      0.16442      0.00000     0.00000
   41562.50000     1416.55118      0.18414      0.00000     0.00000
   42187.50000     1462.95440      0.20623      0.00000     0.00000
   42812.50000     1510.87700      0.23099      0.00000     0.00000
   43437.50000     1560.36862      0.25872      0.00000     0.00000
   44062.50000     1611.48051      0.28980      0.00000     0.00000
   44687.50000     1664.26556      0.32463      0.00000     0.00000
   45312.50000     1718.77837      0.36367      0.00000     0.00000
   45937.50000     1775.07531      0.40744      0.00000     0.00000
   46562.50000     1833.21454      0.45651      0.00000     0.00000
   47187.50000     1893.25609      0.51153      0.00000     0.00000
   47812.50000     1955.26189      0.57325      0.00000     0.00000
   48437.50000     2019.29585      0.64249      0.00000     0.00000
   49062.50000     2085.42391      0.72018      0.00000     0.00000
   49687.50000     2153.71407      0.80738      0.00000     0.00000
   50312.50000     2224.23647      0.90529      0.00000     0.00000
