   1015.00     298.73       6.73
   312.50000     300.85510      7.54767      0.00000     0.00000
   937.50000     304.96312      7.10930      0.00000     0.00000
   1562.50000     309.13146      2.22451      0.00000     0.00000
   2187.50000     313.37642      2.08075      0.00000     0.00000
   2812.50000     317.67598      1.93815      0.00000     0.00000
   3437.50000     322.02619      1.79695      0.00000     0.00000
   4062.50000     326.42202      1.65738      0.00000     0.00000
   4687.50000     330.85718      1.51975      0.00000     0.00000
   5312.50000     335.32377      1.38438      0.00000     0.00000
   5937.50000     339.81197      1.25165      0.00000     0.00000
   6562.50000     344.30961      1.12199      0.00000     0.00000
   7187.50000     348.80164      0.99593      0.00000     0.00000
   7812.50000     353.26957      0.87404      0.00000     0.00000
   8437.50000     357.69068      0.75699      0.00000     0.00000
   9062.50000     362.03733      0.64557      0.00000     0.00000
   9687.50000     366.27623      0.54064      0.00000     0.00000
   10312.50000     370.36784      0.44318      0.00000     0.00000
   10937.50000     374.26648      0.35422      0.00000     0.00000
   11562.50000     377.92138      0.27480      0.00000     0.00000
   12187.50000     386.02082      0.27334      0.00000     0.00000
   12812.50000     395.98576      0.29900      0.00000     0.00000
   13437.50000     406.20777      0.32708      0.00000     0.00000
   14062.50000     416.69346      0.35781      0.00000     0.00000
   14687.50000     427.44961      0.39144      0.00000     0.00000
   15312.50000     438.48318      0.42826      0.00000     0.00000
   15937.50000     449.80128      0.46857      0.00000     0.00000
   16562.50000     461.41122      0.51270      0.00000     0.00000
   17187.50000     473.32048      0.56102      0.00000     0.00000
   17812.50000     485.53676      0.61394      0.00000     0.00000
   18437.50000     498.06791      0.67190      0.00000     0.00000
   19062.50000     510.92199      0.73539      0.00000     0.00000
   19687.50000     524.10727      0.80496      0.00000     0.00000
   20312.50000     537.63221      0.88120      0.00000     0.00000
   20937.50000     551.50550      0.96476      0.00000     0.00000
   21562.50000     565.73602      1.05638      0.00000     0.00000
   22187.50000     580.33286      1.15685      0.00000     0.00000
   22812.50000     595.30536      1.26706      0.00000     0.00000
   23437.50000     610.66306      1.38799      0.00000     0.00000
   24062.50000     626.41574      1.52073      0.00000     0.00000
   24687.50000     642.57340      1.66649      0.00000     0.00000
   25312.50000     659.14628      1.82660      0.00000     0.00000
   25937.50000     676.14484      2.00255      0.00000     0.00000
   26562.50000     693.57982      2.19602      0.00000     0.00000
   27187.50000     711.46215      2.40884      0.00000     0.00000
   27812.50000     729.80304      2.64311      0.00000     0.00000
   28437.50000     748.61392      2.90115      0.00000     0.00000
   29062.50000     767.90648      3.18556      0.00000     0.00000
   29687.50000     787.69262      3.49930      0.00000     0.00000
   30312.50000     807.98452      3.84568      0.00000     0.00000
   30937.50000     828.79456      4.22847      0.00000     0.00000
   31562.50000     850.13537      4.65194      0.00000     0.00000
   32187.50000     872.01979      5.12095      0.00000     0.00000
   32812.50000     894.46087      5.64108      0.00000     0.00000
   33437.50000     917.47186      6.21872      0.00000     0.00000
   34062.50000     941.06618      6.86125      0.00000     0.00000
   34687.50000     965.25743      7.57722      0.00000     0.00000
   35312.50000     990.05933      8.37659      0.00000     0.00000
   35937.50000     1015.48567      9.27101      0.00000     0.00000
   36562.50000     1041.55032     10.27426      0.00000     0.00000
   37187.50000     1068.26715     11.40266      0.00000     0.00000
   37812.50000     1095.64994     12.67572      0.00000     0.00000
   38437.50000     1123.71233     14.11697      0.00000     0.00000
   39062.50000     1152.46768     15.75504      0.00000     0.00000
   39687.50000     1181.92895     17.62508      0.00000     0.00000
   40312.50000     1212.10855     19.77078      0.00000     0.00000
   40937.50000     1243.01804     22.24705      0.00000     0.00000
   41562.50000     1274.66792     25.12392      0.00000     0.00000
   42187.50000     1307.06716     28.49209      0.00000     0.00000
   42812.50000     1340.22276     32.47109      0.00000     0.00000
   43437.50000     1374.13898     37.22172      0.00000     0.00000
   44062.50000     1408.81637     42.96544      0.00000     0.00000
   44687.50000     1444.25043     50.01570      0.00000     0.00000
   45312.50000     1480.42956     58.83091      0.00000     0.00000
   45937.50000     1517.33215     70.10841      0.00000     0.00000
   46562.50000     1554.92195     84.96183      0.00000     0.00000
   47187.50000     1593.14080     105.28224      0.00000     0.00000
   47812.50000     1631.89636     134.54993      0.00000     0.00000
   48437.50000     1671.04029     179.91697      0.00000     0.00000
   49062.50000     1710.32649     258.66863      0.00000     0.00000
   49687.50000     1749.32357     425.38393      0.00000     0.00000
   50312.50000     1787.20760     982.57916      0.00000     0.00000
