   1015.00     288.77       3.59
   312.50000     291.22693      4.14258      0.00000     0.00000
   937.50000     294.88113      3.75896      0.00000     0.00000
   1562.50000     298.54125      1.12804      0.00000     0.00000
   2187.50000     302.20527      1.00657      0.00000     0.00000
   2812.50000     305.84902      0.88897      0.00000     0.00000
   3437.50000     309.45543      0.77583      0.00000     0.00000
   4062.50000     313.00403      0.66782      0.00000     0.00000
   4687.50000     316.47043      0.56572      0.00000     0.00000
   5312.50000     319.82600      0.47034      0.00000     0.00000
   5937.50000     323.03793      0.38259      0.00000     0.00000
   6562.50000     326.06983      0.30336      0.00000     0.00000
   7187.50000     328.88354      0.23351      0.00000     0.00000
   7812.50000     331.44235      0.17369      0.00000     0.00000
   8437.50000     333.71622      0.12428      0.00000     0.00000
   9062.50000     335.68813      0.08516      0.00000     0.00000
   9687.50000     337.36024      0.05568      0.00000     0.00000
   10312.50000     338.75689      0.03464      0.00000     0.00000
   10937.50000     339.92220      0.02047      0.00000     0.00000
   11562.50000     340.91233      0.01147      0.00000     0.00000
   12187.50000     341.78567      0.00609      0.00000     0.00000
   12812.50000     342.59464      0.00306      0.00000     0.00000
   13437.50000     343.38154      0.00145      0.00000     0.00000
   14062.50000     344.17806      0.00064      0.00000     0.00000
   14687.50000     345.00712      0.00027      0.00000     0.00000
   15312.50000     345.88542      0.00010      0.00000     0.00000
   15937.50000     346.82594      0.00004      0.00000     0.00000
   16562.50000     347.83990      0.00001      0.00000     0.00000
   17187.50000     348.93828      0.00000      0.00000     0.00000
   17812.50000     350.13282      0.00000      0.00000     0.00000
   18437.50000     351.43689      0.00000      0.00000     0.00000
   19062.50000     362.36387      0.00000      0.00000     0.00000
   19687.50000     378.60536      0.00000      0.00000     0.00000
   20312.50000     395.57481      0.00000      0.00000     0.00000
   20937.50000     413.30485      0.00000      0.00000     0.00000
   21562.50000     431.82957      0.00000      0.00000     0.00000
   22187.50000     451.18458      0.00000      0.00000     0.00000
   22812.50000     471.40710      0.00000      0.00000     0.00000
   23437.50000     492.53601      0.00000      0.00000     0.00000
   24062.50000     514.61194      0.00000      0.00000     0.00000
   24687.50000     537.67734      0.00000      0.00000     0.00000
   25312.50000     561.77654      0.00000      0.00000     0.00000
   25937.50000     586.95590      0.00000      0.00000     0.00000
   26562.50000     613.26382      0.00000      0.00000     0.00000
   27187.50000     640.75089      0.00000      0.00000     0.00000
   27812.50000     669.46995      0.00000      0.00000     0.00000
   28437.50000     699.47623      0.00000      0.00000     0.00000
   29062.50000     730.82742      0.00000      0.00000     0.00000
   29687.50000     763.58379      0.00000      0.00000     0.00000
   30312.50000     797.80834      0.00000      0.00000     0.00000
   30937.50000     833.56687      0.00000      0.00000     0.00000
   31562.50000     870.92813      0.00000      0.00000     0.00000
   32187.50000     909.96395      0.00000      0.00000     0.00000
   32812.50000     950.74940      0.00000      0.00000     0.00000
   33437.50000     993.36289      0.00000      0.00000     0.00000
   34062.50000     1037.88635      0.00000      0.00000     0.00000
   34687.50000     1084.40541      0.00001      0.00000     0.00000
   35312.50000     1133.00948      0.00001      0.00000     0.00000
   35937.50000     1183.79204      0.00001      0.00000     0.00000
   36562.50000     1236.85072      0.00001      0.00000     0.00000
   37187.50000     1292.28755      0.00001      0.00000     0.00000
   37812.50000     1350.20910      0.00001      0.00000     0.00000
   38437.50000     1410.72675      0.00001      0.00000     0.00000
   39062.50000     1473.95686      0.00002      0.00000     0.00000
   39687.50000     1540.02100      0.00002      0.00000     0.00000
   40312.50000     1609.04620      0.00002      0.00000     0.00000
   40937.50000     1681.16518      0.00003      0.00000     0.00000
   41562.50000     1756.51660      0.00003      0.00000     0.00000
   42187.50000     1835.24533      0.00003      0.00000     0.00000
   42812.50000     1917.50277      0.00004      0.00000     0.00000
   43437.50000     2003.44706      0.00005      0.00000     0.00000
   44062.50000     2093.24345      0.00005      0.00000     0.00000
   44687.50000     2187.06461      0.00006      0.00000     0.00000
   45312.50000     2285.09091      0.00007      0.00000     0.00000
   45937.50000     2387.51085      0.00009      0.00000     0.00000
   46562.50000     2494.52134      0.00010      0.00000     0.00000
   47187.50000     2606.32814      0.00012      0.00000     0.00000
   47812.50000     2723.14623      0.00014      0.00000     0.00000
   48437.50000     2845.20022      0.00016      0.00000     0.00000
   49062.50000     2972.72478      0.00019      0.00000     0.00000
   49687.50000     3105.96510      0.00022      0.00000     0.00000
   50312.50000     3245.17738      0.00025      0.00000     0.00000
