   1015.00     288.77       3.59
   312.50000     291.22693      4.14258      0.00000     0.00000
   937.50000     294.88113      3.75896      0.00000     0.00000
   1562.50000     298.54125      1.12804      0.00000     0.00000
   2187.50000     302.20527      1.00657      0.00000     0.00000
   2812.50000     305.84902      0.88897      0.00000     0.00000
   3437.50000     309.45543      0.77583      0.00000     0.00000
   4062.50000     313.00403      0.66782      0.00000     0.00000
   4687.50000     316.47043      0.56572      0.00000     0.00000
   5312.50000     319.82600      0.47034      0.00000     0.00000
   5937.50000     323.03793      0.38259      0.00000     0.00000
   6562.50000     326.06983      0.30336      0.00000     0.00000
   7187.50000     328.88354      0.23351      0.00000     0.00000
   7812.50000     331.44235      0.17369      0.00000     0.00000
   8437.50000     333.71622      0.12428      0.00000     0.00000
   9062.50000     335.68813      0.08516      0.00000     0.00000
   9687.50000     337.36024      0.05568      0.00000     0.00000
   10312.50000     338.75689      0.03464      0.00000     0.00000
   10937.50000     339.92220      0.02047      0.00000     0.00000
   11562.50000     340.91233      0.01147      0.00000     0.00000
   12187.50000     341.78567      0.00609      0.00000     0.00000
   12812.50000     342.59464      0.00306      0.00000     0.00000
   13437.50000     343.38154      0.00145      0.00000     0.00000
   14062.50000     352.95392      0.00141      0.00000     0.00000
   14687.50000     364.51733      0.00158      0.00000     0.00000
   15312.50000     376.45957      0.00177      0.00000     0.00000
   15937.50000     388.79306      0.00198      0.00000     0.00000
   16562.50000     401.53062      0.00221      0.00000     0.00000
   17187.50000     414.68548      0.00248      0.00000     0.00000
   17812.50000     428.27131      0.00278      0.00000     0.00000
   18437.50000     442.30224      0.00311      0.00000     0.00000
   19062.50000     456.79284      0.00348      0.00000     0.00000
   19687.50000     471.75818      0.00390      0.00000     0.00000
   20312.50000     487.21380      0.00436      0.00000     0.00000
   20937.50000     503.17577      0.00488      0.00000     0.00000
   21562.50000     519.66068      0.00547      0.00000     0.00000
   22187.50000     536.68565      0.00612      0.00000     0.00000
   22812.50000     554.26838      0.00685      0.00000     0.00000
   23437.50000     572.42715      0.00767      0.00000     0.00000
   24062.50000     591.18082      0.00859      0.00000     0.00000
   24687.50000     610.54887      0.00962      0.00000     0.00000
   25312.50000     630.55145      0.01077      0.00000     0.00000
   25937.50000     651.20932      0.01206      0.00000     0.00000
   26562.50000     672.54396      0.01350      0.00000     0.00000
   27187.50000     694.57754      0.01511      0.00000     0.00000
   27812.50000     717.33295      0.01692      0.00000     0.00000
   28437.50000     740.83383      0.01895      0.00000     0.00000
   29062.50000     765.10460      0.02121      0.00000     0.00000
   29687.50000     790.17048      0.02375      0.00000     0.00000
   30312.50000     816.05751      0.02659      0.00000     0.00000
   30937.50000     842.79258      0.02977      0.00000     0.00000
   31562.50000     870.40348      0.03334      0.00000     0.00000
   32187.50000     898.91887      0.03733      0.00000     0.00000
   32812.50000     928.36837      0.04179      0.00000     0.00000
   33437.50000     958.78259      0.04679      0.00000     0.00000
   34062.50000     990.19310      0.05240      0.00000     0.00000
   34687.50000     1022.63253      0.05867      0.00000     0.00000
   35312.50000     1056.13456      0.06569      0.00000     0.00000
   35937.50000     1090.73398      0.07356      0.00000     0.00000
   36562.50000     1126.46670      0.08236      0.00000     0.00000
   37187.50000     1163.36982      0.09223      0.00000     0.00000
   37812.50000     1201.48165      0.10327      0.00000     0.00000
   38437.50000     1240.84173      0.11565      0.00000     0.00000
   39062.50000     1281.49090      0.12950      0.00000     0.00000
   39687.50000     1323.47133      0.14503      0.00000     0.00000
   40312.50000     1366.82657      0.16241      0.00000     0.00000
   40937.50000     1411.60155      0.18189      0.00000     0.00000
   41562.50000     1457.84270      0.20371      0.00000     0.00000
   42187.50000     1505.59794      0.22816      0.00000     0.00000
   42812.50000     1554.91672      0.25555      0.00000     0.00000
   43437.50000     1605.85013      0.28625      0.00000     0.00000
   44062.50000     1658.45088      0.32065      0.00000     0.00000
   44687.50000     1712.77337      0.35921      0.00000     0.00000
   45312.50000     1768.87379      0.40244      0.00000     0.00000
   45937.50000     1826.81009      0.45090      0.00000     0.00000
   46562.50000     1886.64209      0.50525      0.00000     0.00000
   47187.50000     1948.43153      0.56620      0.00000     0.00000
   47812.50000     2012.24210      0.63458      0.00000     0.00000
   48437.50000     2078.13950      0.71130      0.00000     0.00000
   49062.50000     2146.19151      0.79742      0.00000     0.00000
   49687.50000     2216.46805      0.89410      0.00000     0.00000
   50312.50000     2289.04120      1.00268      0.00000     0.00000
