   1015.00     296.24       5.77
   312.50000     298.44761      6.51586      0.00000     0.00000
   937.50000     302.45823      6.08904      0.00000     0.00000
   1562.50000     306.51868      1.88868      0.00000     0.00000
   2187.50000     310.64081      1.74951      0.00000     0.00000
   2812.50000     314.80327      1.61203      0.00000     0.00000
   3437.50000     318.99970      1.47655      0.00000     0.00000
   4062.50000     323.22221      1.34341      0.00000     0.00000
   4687.50000     327.46099      1.21298      0.00000     0.00000
   5312.50000     331.70397      1.08571      0.00000     0.00000
   5937.50000     335.93629      0.96212      0.00000     0.00000
   6562.50000     340.13975      0.84281      0.00000     0.00000
   7187.50000     344.29216      0.72844      0.00000     0.00000
   7812.50000     348.36666      0.61980      0.00000     0.00000
   8437.50000     352.33114      0.51775      0.00000     0.00000
   9062.50000     356.14786      0.42324      0.00000     0.00000
   9687.50000     359.77369      0.33728      0.00000     0.00000
   10312.50000     363.16152      0.26086      0.00000     0.00000
   10937.50000     366.26345      0.19483      0.00000     0.00000
   11562.50000     369.03652      0.13979      0.00000     0.00000
   12187.50000     371.45088      0.09586      0.00000     0.00000
   12812.50000     373.49886      0.06253      0.00000     0.00000
   13437.50000     375.20131      0.03868      0.00000     0.00000
   14062.50000     376.60702      0.02264      0.00000     0.00000
   14687.50000     377.78406      0.01252      0.00000     0.00000
   15312.50000     378.80629      0.00654      0.00000     0.00000
   15937.50000     379.74128      0.00322      0.00000     0.00000
   16562.50000     383.60663      0.00189      0.00000     0.00000
   17187.50000     396.17427      0.00211      0.00000     0.00000
   17812.50000     409.15365      0.00237      0.00000     0.00000
   18437.50000     422.55825      0.00265      0.00000     0.00000
   19062.50000     436.40201      0.00297      0.00000     0.00000
   19687.50000     450.69931      0.00332      0.00000     0.00000
   20312.50000     465.46501      0.00372      0.00000     0.00000
   20937.50000     480.71446      0.00416      0.00000     0.00000
   21562.50000     496.46351      0.00466      0.00000     0.00000
   22187.50000     512.72851      0.00522      0.00000     0.00000
   22812.50000     529.52638      0.00584      0.00000     0.00000
   23437.50000     546.87456      0.00654      0.00000     0.00000
   24062.50000     564.79110      0.00732      0.00000     0.00000
   24687.50000     583.29460      0.00820      0.00000     0.00000
   25312.50000     602.40430      0.00918      0.00000     0.00000
   25937.50000     622.14005      0.01027      0.00000     0.00000
   26562.50000     642.52236      0.01150      0.00000     0.00000
   27187.50000     663.57241      0.01288      0.00000     0.00000
   27812.50000     685.31207      0.01442      0.00000     0.00000
   28437.50000     707.76394      0.01614      0.00000     0.00000
   29062.50000     730.95134      0.01808      0.00000     0.00000
   29687.50000     754.89836      0.02024      0.00000     0.00000
   30312.50000     779.62988      0.02266      0.00000     0.00000
   30937.50000     805.17161      0.02537      0.00000     0.00000
   31562.50000     831.55007      0.02841      0.00000     0.00000
   32187.50000     858.79266      0.03180      0.00000     0.00000
   32812.50000     886.92770      0.03561      0.00000     0.00000
   33437.50000     915.98440      0.03987      0.00000     0.00000
   34062.50000     945.99294      0.04464      0.00000     0.00000
   34687.50000     976.98450      0.04998      0.00000     0.00000
   35312.50000     1008.99125      0.05597      0.00000     0.00000
   35937.50000     1042.04644      0.06267      0.00000     0.00000
   36562.50000     1076.18439      0.07017      0.00000     0.00000
   37187.50000     1111.44055      0.07857      0.00000     0.00000
   37812.50000     1147.85150      0.08798      0.00000     0.00000
   38437.50000     1185.45506      0.09852      0.00000     0.00000
   39062.50000     1224.29023      0.11032      0.00000     0.00000
   39687.50000     1264.39733      0.12354      0.00000     0.00000
   40312.50000     1305.81795      0.13835      0.00000     0.00000
   40937.50000     1348.59507      0.15493      0.00000     0.00000
   41562.50000     1392.77304      0.17351      0.00000     0.00000
   42187.50000     1438.39766      0.19432      0.00000     0.00000
   42812.50000     1485.51621      0.21764      0.00000     0.00000
   43437.50000     1534.17751      0.24376      0.00000     0.00000
   44062.50000     1584.43197      0.27304      0.00000     0.00000
   44687.50000     1636.33159      0.30584      0.00000     0.00000
   45312.50000     1689.93009      0.34261      0.00000     0.00000
   45937.50000     1745.28290      0.38383      0.00000     0.00000
   46562.50000     1802.44721      0.43004      0.00000     0.00000
   47187.50000     1861.48209      0.48185      0.00000     0.00000
   47812.50000     1922.44844      0.53996      0.00000     0.00000
   48437.50000     1985.40915      0.60513      0.00000     0.00000
   49062.50000     2050.42907      0.67826      0.00000     0.00000
   49687.50000     2117.57511      0.76033      0.00000     0.00000
   50312.50000     2186.91629      0.85246      0.00000     0.00000
