   1015.00     293.75      13.18
   312.50000     295.45239     14.43429      0.00000     0.00000
   937.50000     299.29149     13.33403      0.00000     0.00000
   1562.50000     303.16556      3.06244      0.00000     0.00000
   2187.50000     307.10613      2.79720      0.00000     0.00000
   2812.50000     311.06540      2.53700      0.00000     0.00000
   3437.50000     315.03315      2.28265      0.00000     0.00000
   4062.50000     318.99689      2.03508      0.00000     0.00000
   4687.50000     322.94134      1.79536      0.00000     0.00000
   5312.50000     326.84788      1.56472      0.00000     0.00000
   5937.50000     330.69400      1.34456      0.00000     0.00000
   6562.50000     334.45275      1.13647      0.00000     0.00000
   7187.50000     338.09226      0.94218      0.00000     0.00000
   7812.50000     341.57577      0.76359      0.00000     0.00000
   8437.50000     344.86225      0.60260      0.00000     0.00000
   9062.50000     351.07001      0.56414      0.00000     0.00000
   9687.50000     359.94302      0.61596      0.00000     0.00000
   10312.50000     369.03998      0.67256      0.00000     0.00000
   10937.50000     378.36652      0.73439      0.00000     0.00000
   11562.50000     387.92837      0.80194      0.00000     0.00000
   12187.50000     397.73145      0.87575      0.00000     0.00000
   12812.50000     407.78178      0.95639      0.00000     0.00000
   13437.50000     418.08553      1.04452      0.00000     0.00000
   14062.50000     428.64904      1.14084      0.00000     0.00000
   14687.50000     439.47879      1.24612      0.00000     0.00000
   15312.50000     450.58139      1.36122      0.00000     0.00000
   15937.50000     461.96364      1.48706      0.00000     0.00000
   16562.50000     473.63248      1.62467      0.00000     0.00000
   17187.50000     485.59502      1.77519      0.00000     0.00000
   17812.50000     497.85850      1.93984      0.00000     0.00000
   18437.50000     510.43037      2.12001      0.00000     0.00000
   19062.50000     523.31822      2.31719      0.00000     0.00000
   19687.50000     536.52981      2.53306      0.00000     0.00000
   20312.50000     550.07306      2.76943      0.00000     0.00000
   20937.50000     563.95609      3.02836      0.00000     0.00000
   21562.50000     578.18714      3.31207      0.00000     0.00000
   22187.50000     592.77467      3.62306      0.00000     0.00000
   22812.50000     607.72727      3.96408      0.00000     0.00000
   23437.50000     623.05371      4.33821      0.00000     0.00000
   24062.50000     638.76294      4.74886      0.00000     0.00000
   24687.50000     654.86405      5.19982      0.00000     0.00000
   25312.50000     671.36628      5.69535      0.00000     0.00000
   25937.50000     688.27905      6.24021      0.00000     0.00000
   26562.50000     705.61190      6.83971      0.00000     0.00000
   27187.50000     723.37449      7.49985      0.00000     0.00000
   27812.50000     741.57665      8.22739      0.00000     0.00000
   28437.50000     760.22827      9.02996      0.00000     0.00000
   29062.50000     779.33935      9.91620      0.00000     0.00000
   29687.50000     798.91997     10.89597      0.00000     0.00000
   30312.50000     818.98023     11.98048      0.00000     0.00000
   30937.50000     839.53027     13.18261      0.00000     0.00000
   31562.50000     860.58020     14.51717      0.00000     0.00000
   32187.50000     882.14007     16.00127      0.00000     0.00000
   32812.50000     904.21980     17.65480      0.00000     0.00000
   33437.50000     926.82915     19.50097      0.00000     0.00000
   34062.50000     949.97762     21.56706      0.00000     0.00000
   34687.50000     973.67438     23.88534      0.00000     0.00000
   35312.50000     997.92811     26.49421      0.00000     0.00000
   35937.50000     1022.74695     29.43975      0.00000     0.00000
   36562.50000     1048.13825     32.77772      0.00000     0.00000
   37187.50000     1074.10841     36.57622      0.00000     0.00000
   37812.50000     1100.66265     40.91928      0.00000     0.00000
   38437.50000     1127.80464     45.91175      0.00000     0.00000
   39062.50000     1155.53615     51.68617      0.00000     0.00000
   39687.50000     1183.85652     58.41242      0.00000     0.00000
   40312.50000     1212.76205     66.31184      0.00000     0.00000
   40937.50000     1242.24515     75.67805      0.00000     0.00000
   41562.50000     1272.29321     86.90880      0.00000     0.00000
   42187.50000     1302.88722     100.55618      0.00000     0.00000
   42812.50000     1333.99971     117.40850      0.00000     0.00000
   43437.50000     1365.59211     138.63020      0.00000     0.00000
   44062.50000     1397.61088     166.01327      0.00000     0.00000
   44687.50000     1429.98206     202.45928      0.00000     0.00000
   45312.50000     1462.60330     252.98081      0.00000     0.00000
   45937.50000     1495.33171     327.01249      0.00000     0.00000
   46562.50000     1527.96524     444.56773      0.00000     0.00000
   47187.50000     1560.21293     656.50067      0.00000     0.00000
   47812.50000     1591.64639     1139.45646      0.00000     0.00000
   48437.50000     1621.61960     3192.22737      0.00000     0.00000
   49062.50000     1649.13986     -6057.23966      0.00000     0.00000
   49687.50000     1672.69154     -1828.70305      0.00000     0.00000
   50312.50000     1690.17270     -1227.12161      0.00000     0.00000
