   1015.00     293.75      13.18
   312.50000     295.45239     14.43429      0.00000     0.00000
   937.50000     299.29149     13.33403      0.00000     0.00000
   1562.50000     303.16556      3.06244      0.00000     0.00000
   2187.50000     307.10613      2.79720      0.00000     0.00000
   2812.50000     311.06540      2.53700      0.00000     0.00000
   3437.50000     315.03315      2.28265      0.00000     0.00000
   4062.50000     318.99689      2.03508      0.00000     0.00000
   4687.50000     322.94134      1.79536      0.00000     0.00000
   5312.50000     326.84788      1.56472      0.00000     0.00000
   5937.50000     330.69400      1.34456      0.00000     0.00000
   6562.50000     334.45275      1.13647      0.00000     0.00000
   7187.50000     338.09226      0.94218      0.00000     0.00000
   7812.50000     341.88935      0.77886      0.00000     0.00000
   8437.50000     350.31926      0.84874      0.00000     0.00000
   9062.50000     358.95663      0.92492      0.00000     0.00000
   9687.50000     367.80653      1.00799      0.00000     0.00000
   10312.50000     376.87414      1.09859      0.00000     0.00000
   10937.50000     386.16476      1.19739      0.00000     0.00000
   11562.50000     395.68380      1.30518      0.00000     0.00000
   12187.50000     405.43681      1.42276      0.00000     0.00000
   12812.50000     415.42948      1.55106      0.00000     0.00000
   13437.50000     425.66758      1.69107      0.00000     0.00000
   14062.50000     436.15706      1.84389      0.00000     0.00000
   14687.50000     446.90398      2.01072      0.00000     0.00000
   15312.50000     457.91453      2.19289      0.00000     0.00000
   15937.50000     469.19503      2.39186      0.00000     0.00000
   16562.50000     480.75196      2.60922      0.00000     0.00000
   17187.50000     492.59190      2.84674      0.00000     0.00000
   17812.50000     504.72160      3.10637      0.00000     0.00000
   18437.50000     517.14793      3.39027      0.00000     0.00000
   19062.50000     529.87790      3.70080      0.00000     0.00000
   19687.50000     542.91865      4.04061      0.00000     0.00000
   20312.50000     556.27745      4.41261      0.00000     0.00000
   20937.50000     569.96171      4.82005      0.00000     0.00000
   21562.50000     583.97899      5.26653      0.00000     0.00000
   22187.50000     598.33692      5.75606      0.00000     0.00000
   22812.50000     613.04331      6.29313      0.00000     0.00000
   23437.50000     628.10605      6.88276      0.00000     0.00000
   24062.50000     643.53314      7.53056      0.00000     0.00000
   24687.50000     659.33268      8.24286      0.00000     0.00000
   25312.50000     675.51287      9.02679      0.00000     0.00000
   25937.50000     692.08197      9.89039      0.00000     0.00000
   26562.50000     709.04828     10.84279      0.00000     0.00000
   27187.50000     726.42018     11.89438      0.00000     0.00000
   27812.50000     744.20603     13.05701      0.00000     0.00000
   28437.50000     762.41418     14.34428      0.00000     0.00000
   29062.50000     781.05295     15.77184      0.00000     0.00000
   29687.50000     800.13054     17.35779      0.00000     0.00000
   30312.50000     819.65506     19.12318      0.00000     0.00000
   30937.50000     839.63438     21.09262      0.00000     0.00000
   31562.50000     860.07615     23.29505      0.00000     0.00000
   32187.50000     880.98765     25.76472      0.00000     0.00000
   32812.50000     902.37571     28.54250      0.00000     0.00000
   33437.50000     924.24661     31.67747      0.00000     0.00000
   34062.50000     946.60590     35.22914      0.00000     0.00000
   34687.50000     969.45822     39.27030      0.00000     0.00000
   35312.50000     992.80708     43.89097      0.00000     0.00000
   35937.50000     1016.65458     49.20377      0.00000     0.00000
   36562.50000     1041.00103     55.35139      0.00000     0.00000
   37187.50000     1065.84449     62.51728      0.00000     0.00000
   37812.50000     1091.18020     70.94123      0.00000     0.00000
   38437.50000     1116.99983     80.94256      0.00000     0.00000
   39062.50000     1143.29043     92.95570      0.00000     0.00000
   39687.50000     1170.03315     107.58669      0.00000     0.00000
   40312.50000     1197.20137     125.70601      0.00000     0.00000
   40937.50000     1224.75828     148.60866      0.00000     0.00000
   41562.50000     1252.65329     178.30500      0.00000     0.00000
   42187.50000     1280.81711     218.08599      0.00000     0.00000
   42812.50000     1309.15427     273.71840      0.00000     0.00000
   43437.50000     1337.53212     356.26881      0.00000     0.00000
   44062.50000     1365.76359     489.88307      0.00000     0.00000
   44687.50000     1393.57998     738.76484      0.00000     0.00000
   45312.50000     1420.58687     1346.66639      0.00000     0.00000
   45937.50000     1446.19216     4769.88374      0.00000     0.00000
   46562.50000     1469.49418     -4171.37329      0.00000     0.00000
   47187.50000     1489.14387     -1682.12243      0.00000     0.00000
   47812.50000     1503.36131     -1192.86002      0.00000     0.00000
   48437.50000     1510.82021     -1039.34552      0.00000     0.00000
   49062.50000     1512.89505     -1003.91482      0.00000     0.00000
   49687.50000     1513.12033     -1000.22535      0.00000     0.00000
   50312.50000     1513.13342     -1000.01185      0.00000     0.00000
