   1015.00     293.75      13.18
   312.50000     295.45239     14.43429      0.00000     0.00000
   937.50000     299.29149     13.33403      0.00000     0.00000
   1562.50000     303.16556      3.06244      0.00000     0.00000
   2187.50000     307.10613      2.79720      0.00000     0.00000
   2812.50000     311.06540      2.53700      0.00000     0.00000
   3437.50000     315.03315      2.28265      0.00000     0.00000
   4062.50000     318.99689      2.03508      0.00000     0.00000
   4687.50000     322.94134      1.79536      0.00000     0.00000
   5312.50000     326.84788      1.56472      0.00000     0.00000
   5937.50000     330.69400      1.34456      0.00000     0.00000
   6562.50000     334.45275      1.13647      0.00000     0.00000
   7187.50000     338.09226      0.94218      0.00000     0.00000
   7812.50000     341.57577      0.76359      0.00000     0.00000
   8437.50000     344.86225      0.60260      0.00000     0.00000
   9062.50000     347.90838      0.46101      0.00000     0.00000
   9687.50000     350.67242      0.34025      0.00000     0.00000
   10312.50000     353.12024      0.24106      0.00000     0.00000
   10937.50000     355.23306      0.16318      0.00000     0.00000
   11562.50000     357.01461      0.10514      0.00000     0.00000
   12187.50000     358.49450      0.06429      0.00000     0.00000
   12812.50000     359.72470      0.03725      0.00000     0.00000
   13437.50000     367.17314      0.03294      0.00000     0.00000
   14062.50000     378.03384      0.03649      0.00000     0.00000
   14687.50000     389.21576      0.04041      0.00000     0.00000
   15312.50000     400.72840      0.04476      0.00000     0.00000
   15937.50000     412.58154      0.04958      0.00000     0.00000
   16562.50000     424.78525      0.05491      0.00000     0.00000
   17187.50000     437.34989      0.06082      0.00000     0.00000
   17812.50000     450.28612      0.06737      0.00000     0.00000
   18437.50000     463.60494      0.07462      0.00000     0.00000
   19062.50000     477.31764      0.08264      0.00000     0.00000
   19687.50000     491.43587      0.09154      0.00000     0.00000
   20312.50000     505.97161      0.10139      0.00000     0.00000
   20937.50000     520.93719      0.11231      0.00000     0.00000
   21562.50000     536.34531      0.12440      0.00000     0.00000
   22187.50000     552.20904      0.13779      0.00000     0.00000
   22812.50000     568.54184      0.15262      0.00000     0.00000
   23437.50000     585.35756      0.16906      0.00000     0.00000
   24062.50000     602.67045      0.18727      0.00000     0.00000
   24687.50000     620.49519      0.20744      0.00000     0.00000
   25312.50000     638.84687      0.22978      0.00000     0.00000
   25937.50000     657.74105      0.25454      0.00000     0.00000
   26562.50000     677.19372      0.28198      0.00000     0.00000
   27187.50000     697.22134      0.31238      0.00000     0.00000
   27812.50000     717.84086      0.34606      0.00000     0.00000
   28437.50000     739.06972      0.38338      0.00000     0.00000
   29062.50000     760.92585      0.42474      0.00000     0.00000
   29687.50000     783.42772      0.47058      0.00000     0.00000
   30312.50000     806.59432      0.52139      0.00000     0.00000
   30937.50000     830.44519      0.57771      0.00000     0.00000
   31562.50000     855.00043      0.64014      0.00000     0.00000
   32187.50000     880.28071      0.70934      0.00000     0.00000
   32812.50000     906.30730      0.78608      0.00000     0.00000
   33437.50000     933.10207      0.87117      0.00000     0.00000
   34062.50000     960.68750      0.96553      0.00000     0.00000
   34687.50000     989.08670      1.07020      0.00000     0.00000
   35312.50000     1018.32344      1.18632      0.00000     0.00000
   35937.50000     1048.42213      1.31515      0.00000     0.00000
   36562.50000     1079.40787      1.45813      0.00000     0.00000
   37187.50000     1111.30643      1.61683      0.00000     0.00000
   37812.50000     1144.14428      1.79303      0.00000     0.00000
   38437.50000     1177.94860      1.98872      0.00000     0.00000
   39062.50000     1212.74728      2.20611      0.00000     0.00000
   39687.50000     1248.56895      2.44769      0.00000     0.00000
   40312.50000     1285.44296      2.71624      0.00000     0.00000
   40937.50000     1323.39939      3.01491      0.00000     0.00000
   41562.50000     1362.46907      3.34721      0.00000     0.00000
   42187.50000     1402.68357      3.71713      0.00000     0.00000
   42812.50000     1444.07518      4.12915      0.00000     0.00000
   43437.50000     1486.67692      4.58834      0.00000     0.00000
   44062.50000     1530.52253      5.10048      0.00000     0.00000
   44687.50000     1575.64643      5.67209      0.00000     0.00000
   45312.50000     1622.08370      6.31065      0.00000     0.00000
   45937.50000     1669.87005      7.02467      0.00000     0.00000
   46562.50000     1719.04177      7.82394      0.00000     0.00000
   47187.50000     1769.63566      8.71971      0.00000     0.00000
   47812.50000     1821.68896      9.72498      0.00000     0.00000
   48437.50000     1875.23925     10.85485      0.00000     0.00000
   49062.50000     1930.32435     12.12691      0.00000     0.00000
   49687.50000     1986.98213     13.56178      0.00000     0.00000
   50312.50000     2045.25037     15.18379      0.00000     0.00000
