   1015.00     283.79       6.90
   312.50000     285.82511      7.76734      0.00000     0.00000
   937.50000     289.13076      6.85019      0.00000     0.00000
   1562.50000     292.39862      1.49245      0.00000     0.00000
   2187.50000     295.62854      1.28313      0.00000     0.00000
   2812.50000     298.77728      1.08567      0.00000     0.00000
   3437.50000     301.81866      0.90166      0.00000     0.00000
   4062.50000     304.72302      0.73280      0.00000     0.00000
   4687.50000     307.45801      0.58076      0.00000     0.00000
   5312.50000     309.99038      0.44707      0.00000     0.00000
   5937.50000     312.28903      0.33288      0.00000     0.00000
   6562.50000     314.32958      0.23871      0.00000     0.00000
   7187.50000     316.09976      0.16421      0.00000     0.00000
   7812.50000     317.60416      0.10799      0.00000     0.00000
   8437.50000     318.86615      0.06772      0.00000     0.00000
   9062.50000     319.92538      0.04043      0.00000     0.00000
   9687.50000     320.83112      0.02295      0.00000     0.00000
   10312.50000     321.63417      0.01237      0.00000     0.00000
   10937.50000     322.38020      0.00631      0.00000     0.00000
   11562.50000     323.10635      0.00305      0.00000     0.00000
   12187.50000     328.73116      0.00220      0.00000     0.00000
   12812.50000     339.50098      0.00246      0.00000     0.00000
   13437.50000     350.62364      0.00275      0.00000     0.00000
   14062.50000     362.11069      0.00308      0.00000     0.00000
   14687.50000     373.97408      0.00345      0.00000     0.00000
   15312.50000     386.22612      0.00387      0.00000     0.00000
   15937.50000     398.87957      0.00433      0.00000     0.00000
   16562.50000     411.94755      0.00485      0.00000     0.00000
   17187.50000     425.44367      0.00542      0.00000     0.00000
   17812.50000     439.38193      0.00607      0.00000     0.00000
   18437.50000     453.77683      0.00680      0.00000     0.00000
   19062.50000     468.64333      0.00761      0.00000     0.00000
   19687.50000     483.99686      0.00852      0.00000     0.00000
   20312.50000     499.85340      0.00954      0.00000     0.00000
   20937.50000     516.22941      0.01068      0.00000     0.00000
   21562.50000     533.14191      0.01196      0.00000     0.00000
   22187.50000     550.60848      0.01339      0.00000     0.00000
   22812.50000     568.64726      0.01499      0.00000     0.00000
   23437.50000     587.27701      0.01679      0.00000     0.00000
   24062.50000     606.51706      0.01880      0.00000     0.00000
   24687.50000     626.38743      0.02104      0.00000     0.00000
   25312.50000     646.90875      0.02356      0.00000     0.00000
   25937.50000     668.10234      0.02638      0.00000     0.00000
   26562.50000     689.99021      0.02953      0.00000     0.00000
   27187.50000     712.59512      0.03307      0.00000     0.00000
   27812.50000     735.94054      0.03702      0.00000     0.00000
   28437.50000     760.05071      0.04145      0.00000     0.00000
   29062.50000     784.95069      0.04641      0.00000     0.00000
   29687.50000     810.66633      0.05196      0.00000     0.00000
   30312.50000     837.22434      0.05818      0.00000     0.00000
   30937.50000     864.65230      0.06514      0.00000     0.00000
   31562.50000     892.97869      0.07294      0.00000     0.00000
   32187.50000     922.23291      0.08166      0.00000     0.00000
   32812.50000     952.44533      0.09144      0.00000     0.00000
   33437.50000     983.64732      0.10238      0.00000     0.00000
   34062.50000     1015.87125      0.11464      0.00000     0.00000
   34687.50000     1049.15056      0.12836      0.00000     0.00000
   35312.50000     1083.51976      0.14372      0.00000     0.00000
   35937.50000     1119.01452      0.16093      0.00000     0.00000
   36562.50000     1155.67163      0.18021      0.00000     0.00000
   37187.50000     1193.52908      0.20179      0.00000     0.00000
   37812.50000     1232.62612      0.22596      0.00000     0.00000
   38437.50000     1273.00324      0.25303      0.00000     0.00000
   39062.50000     1314.70226      0.28336      0.00000     0.00000
   39687.50000     1357.76634      0.31733      0.00000     0.00000
   40312.50000     1402.24002      0.35537      0.00000     0.00000
