   1015.00     286.28       8.14
   312.50000     288.22575      9.09786      0.00000     0.00000
   937.50000     291.68069      8.13026      0.00000     0.00000
   1562.50000     295.11898      1.79837      0.00000     0.00000
   2187.50000     298.54770      1.57344      0.00000     0.00000
   2812.50000     301.92360      1.35849      0.00000     0.00000
   3437.50000     305.22432      1.15498      0.00000     0.00000
   4062.50000     308.42367      0.96452      0.00000     0.00000
   4687.50000     311.49161      0.78880      0.00000     0.00000
   5312.50000     314.39479      0.62957      0.00000     0.00000
   5937.50000     317.09803      0.48847      0.00000     0.00000
   6562.50000     319.56707      0.36686      0.00000     0.00000
   7187.50000     321.77301      0.26552      0.00000     0.00000
   7812.50000     323.69788      0.18440      0.00000     0.00000
   8437.50000     325.34040      0.12244      0.00000     0.00000
   9062.50000     326.71923      0.07750      0.00000     0.00000
   9687.50000     327.87180      0.04667      0.00000     0.00000
   10312.50000     328.84830      0.02670      0.00000     0.00000
   10937.50000     329.70290      0.01450      0.00000     0.00000
   11562.50000     330.48589      0.00746      0.00000     0.00000
   12187.50000     331.23900      0.00362      0.00000     0.00000
   12812.50000     335.86121      0.00237      0.00000     0.00000
   13437.50000     346.86463      0.00265      0.00000     0.00000
   14062.50000     358.22853      0.00297      0.00000     0.00000
   14687.50000     369.96473      0.00332      0.00000     0.00000
   15312.50000     382.08542      0.00372      0.00000     0.00000
   15937.50000     394.60321      0.00417      0.00000     0.00000
   16562.50000     407.53110      0.00467      0.00000     0.00000
   17187.50000     420.88252      0.00522      0.00000     0.00000
   17812.50000     434.67136      0.00585      0.00000     0.00000
   18437.50000     448.91193      0.00655      0.00000     0.00000
   19062.50000     463.61905      0.00733      0.00000     0.00000
   19687.50000     478.80798      0.00821      0.00000     0.00000
   20312.50000     494.49452      0.00919      0.00000     0.00000
   20937.50000     510.69497      0.01029      0.00000     0.00000
   21562.50000     527.42616      0.01152      0.00000     0.00000
   22187.50000     544.70548      0.01290      0.00000     0.00000
   22812.50000     562.55088      0.01444      0.00000     0.00000
   23437.50000     580.98090      0.01617      0.00000     0.00000
   24062.50000     600.01470      0.01810      0.00000     0.00000
   24687.50000     619.67205      0.02026      0.00000     0.00000
   25312.50000     639.97337      0.02269      0.00000     0.00000
   25937.50000     660.93976      0.02540      0.00000     0.00000
   26562.50000     682.59299      0.02844      0.00000     0.00000
   27187.50000     704.95557      0.03184      0.00000     0.00000
   27812.50000     728.05073      0.03565      0.00000     0.00000
   28437.50000     751.90245      0.03992      0.00000     0.00000
   29062.50000     776.53550      0.04469      0.00000     0.00000
   29687.50000     801.97549      0.05004      0.00000     0.00000
   30312.50000     828.24881      0.05602      0.00000     0.00000
   30937.50000     855.38277      0.06273      0.00000     0.00000
   31562.50000     883.40552      0.07023      0.00000     0.00000
   32187.50000     912.34617      0.07864      0.00000     0.00000
   32812.50000     942.23477      0.08805      0.00000     0.00000
   33437.50000     973.10233      0.09858      0.00000     0.00000
   34062.50000     1004.98089      0.11038      0.00000     0.00000
   34687.50000     1037.90352      0.12360      0.00000     0.00000
   35312.50000     1071.90440      0.13839      0.00000     0.00000
   35937.50000     1107.01877      0.15496      0.00000     0.00000
   36562.50000     1143.28305      0.17352      0.00000     0.00000
   37187.50000     1180.73485      0.19430      0.00000     0.00000
   37812.50000     1219.41297      0.21757      0.00000     0.00000
   38437.50000     1259.35749      0.24364      0.00000     0.00000
   39062.50000     1300.60978      0.27283      0.00000     0.00000
   39687.50000     1343.21253      0.30554      0.00000     0.00000
   40312.50000     1387.20984      0.34217      0.00000     0.00000
