   1015.00     278.81       1.84
   312.50000     281.57529      2.18732      0.00000     0.00000
   937.50000     284.60856      1.87967      0.00000     0.00000
   1562.50000     287.56223      0.52993      0.00000     0.00000
   2187.50000     290.41625      0.44004      0.00000     0.00000
   2812.50000     293.13795      0.35764      0.00000     0.00000
   3437.50000     295.69756      0.28355      0.00000     0.00000
   4062.50000     298.06484      0.21847      0.00000     0.00000
   4687.50000     300.21202      0.16292      0.00000     0.00000
   5312.50000     302.11786      0.11713      0.00000     0.00000
   5937.50000     303.77249      0.08086      0.00000     0.00000
   6562.50000     305.18138      0.05344      0.00000     0.00000
   7187.50000     306.36682      0.03373      0.00000     0.00000
   7812.50000     307.36543      0.02030      0.00000     0.00000
   8437.50000     308.22229      0.01163      0.00000     0.00000
   9062.50000     308.98376      0.00633      0.00000     0.00000
   9687.50000     309.69172      0.00327      0.00000     0.00000
   10312.50000     310.38043      0.00160      0.00000     0.00000
   10937.50000     313.42029      0.00093      0.00000     0.00000
   11562.50000     323.68851      0.00104      0.00000     0.00000
   12187.50000     334.29313      0.00117      0.00000     0.00000
   12812.50000     345.24518      0.00130      0.00000     0.00000
   13437.50000     356.55603      0.00146      0.00000     0.00000
   14062.50000     368.23745      0.00164      0.00000     0.00000
   14687.50000     380.30157      0.00183      0.00000     0.00000
   15312.50000     392.76093      0.00205      0.00000     0.00000
   15937.50000     405.62848      0.00229      0.00000     0.00000
   16562.50000     418.91759      0.00257      0.00000     0.00000
   17187.50000     432.64208      0.00288      0.00000     0.00000
   17812.50000     446.81620      0.00322      0.00000     0.00000
   18437.50000     461.45468      0.00361      0.00000     0.00000
   19062.50000     476.57275      0.00404      0.00000     0.00000
   19687.50000     492.18610      0.00452      0.00000     0.00000
   20312.50000     508.31097      0.00506      0.00000     0.00000
   20937.50000     524.96411      0.00567      0.00000     0.00000
   21562.50000     542.16284      0.00634      0.00000     0.00000
   22187.50000     559.92501      0.00710      0.00000     0.00000
   22812.50000     578.26909      0.00795      0.00000     0.00000
   23437.50000     597.21415      0.00890      0.00000     0.00000
   24062.50000     616.77986      0.00997      0.00000     0.00000
   24687.50000     636.98657      0.01116      0.00000     0.00000
   25312.50000     657.85527      0.01249      0.00000     0.00000
   25937.50000     679.40763      0.01399      0.00000     0.00000
   26562.50000     701.66607      0.01566      0.00000     0.00000
   27187.50000     724.65370      0.01754      0.00000     0.00000
   27812.50000     748.39441      0.01963      0.00000     0.00000
   28437.50000     772.91286      0.02198      0.00000     0.00000
   29062.50000     798.23454      0.02461      0.00000     0.00000
   29687.50000     824.38574      0.02756      0.00000     0.00000
   30312.50000     851.39364      0.03085      0.00000     0.00000
   30937.50000     879.28630      0.03455      0.00000     0.00000
   31562.50000     908.09267      0.03868      0.00000     0.00000
   32187.50000     937.84270      0.04331      0.00000     0.00000
   32812.50000     968.56727      0.04849      0.00000     0.00000
   33437.50000     1000.29830      0.05429      0.00000     0.00000
   34062.50000     1033.06874      0.06079      0.00000     0.00000
   34687.50000     1066.91262      0.06807      0.00000     0.00000
   35312.50000     1101.86508      0.07622      0.00000     0.00000
   35937.50000     1137.96240      0.08535      0.00000     0.00000
   36562.50000     1175.24205      0.09557      0.00000     0.00000
   37187.50000     1213.74272      0.10702      0.00000     0.00000
   37812.50000     1253.50437      0.11984      0.00000     0.00000
   38437.50000     1294.56825      0.13420      0.00000     0.00000
   39062.50000     1336.97696      0.15029      0.00000     0.00000
   39687.50000     1380.77447      0.16831      0.00000     0.00000
   40312.50000     1426.00619      0.18850      0.00000     0.00000
   40937.50000     1472.71900      0.21112      0.00000     0.00000
   41562.50000     1520.96131      0.23646      0.00000     0.00000
   42187.50000     1570.78309      0.26485      0.00000     0.00000
   42812.50000     1622.23591      0.29667      0.00000     0.00000
   43437.50000     1675.37302      0.33233      0.00000     0.00000
   44062.50000     1730.24938      0.37230      0.00000     0.00000
   44687.50000     1786.92172      0.41711      0.00000     0.00000
   45312.50000     1845.44859      0.46735      0.00000     0.00000
   45937.50000     1905.89039      0.52370      0.00000     0.00000
   46562.50000     1968.30948      0.58690      0.00000     0.00000
   47187.50000     2032.77017      0.65780      0.00000     0.00000
   47812.50000     2099.33882      0.73736      0.00000     0.00000
   48437.50000     2168.08387      0.82667      0.00000     0.00000
   49062.50000     2239.07591      0.92695      0.00000     0.00000
   49687.50000     2312.38773      1.03958      0.00000     0.00000
   50312.50000     2388.09436      1.16615      0.00000     0.00000
