   1015.00     293.75      13.18
   312.50000     295.45239     14.43429      0.00000     0.00000
   937.50000     299.29149     13.33403      0.00000     0.00000
   1562.50000     303.16556      3.06244      0.00000     0.00000
   2187.50000     307.10613      2.79720      0.00000     0.00000
   2812.50000     311.06540      2.53700      0.00000     0.00000
   3437.50000     315.03315      2.28265      0.00000     0.00000
   4062.50000     318.99689      2.03508      0.00000     0.00000
   4687.50000     322.94134      1.79536      0.00000     0.00000
   5312.50000     326.84788      1.56472      0.00000     0.00000
   5937.50000     330.69400      1.34456      0.00000     0.00000
   6562.50000     334.45275      1.13647      0.00000     0.00000
   7187.50000     338.09226      0.94218      0.00000     0.00000
   7812.50000     341.57577      0.76359      0.00000     0.00000
   8437.50000     345.09537      0.61162      0.00000     0.00000
   9062.50000     353.74532      0.66735      0.00000     0.00000
   9687.50000     362.61177      0.72818      0.00000     0.00000
   10312.50000     371.70009      0.79458      0.00000     0.00000
   10937.50000     381.01581      0.86709      0.00000     0.00000
   11562.50000     390.56455      0.94625      0.00000     0.00000
   12187.50000     400.35210      1.03270      0.00000     0.00000
   12812.50000     410.38437      1.12711      0.00000     0.00000
   13437.50000     420.66742      1.23023      0.00000     0.00000
   14062.50000     431.20743      1.34287      0.00000     0.00000
   14687.50000     442.01074      1.46595      0.00000     0.00000
   15312.50000     453.08385      1.60043      0.00000     0.00000
   15937.50000     464.43337      1.74741      0.00000     0.00000
   16562.50000     476.06610      1.90808      0.00000     0.00000
   17187.50000     487.98898      2.08375      0.00000     0.00000
   17812.50000     500.20908      2.27585      0.00000     0.00000
   18437.50000     512.73366      2.48599      0.00000     0.00000
   19062.50000     525.57011      2.71592      0.00000     0.00000
   19687.50000     538.72599      2.96758      0.00000     0.00000
   20312.50000     552.20902      3.24310      0.00000     0.00000
   20937.50000     566.02707      3.54485      0.00000     0.00000
   21562.50000     580.18817      3.87548      0.00000     0.00000
   22187.50000     594.70051      4.23788      0.00000     0.00000
   22812.50000     609.57241      4.63530      0.00000     0.00000
   23437.50000     624.81237      5.07134      0.00000     0.00000
   24062.50000     640.42902      5.55003      0.00000     0.00000
   24687.50000     656.43113      6.07587      0.00000     0.00000
   25312.50000     672.82763      6.65387      0.00000     0.00000
   25937.50000     689.62754      7.28969      0.00000     0.00000
   26562.50000     706.84001      7.98968      0.00000     0.00000
   27187.50000     724.47431      8.76101      0.00000     0.00000
   27812.50000     742.53979      9.61178      0.00000     0.00000
   28437.50000     761.04585     10.55119      0.00000     0.00000
   29062.50000     780.00199     11.58973      0.00000     0.00000
   29687.50000     799.41768     12.73936      0.00000     0.00000
   30312.50000     819.30242     14.01384      0.00000     0.00000
   30937.50000     839.66565     15.42899      0.00000     0.00000
   31562.50000     860.51674     17.00318      0.00000     0.00000
   32187.50000     881.86488     18.75775      0.00000     0.00000
   32812.50000     903.71910     20.71770      0.00000     0.00000
   33437.50000     926.08810     22.91248      0.00000     0.00000
   34062.50000     948.98024     25.37699      0.00000     0.00000
   34687.50000     972.40337     28.15293      0.00000     0.00000
   35312.50000     996.36470     31.29048      0.00000     0.00000
   35937.50000     1020.87064     34.85058      0.00000     0.00000
   36562.50000     1045.92660     38.90799      0.00000     0.00000
   37187.50000     1071.53669     43.55531      0.00000     0.00000
   37812.50000     1097.70342     48.90873      0.00000     0.00000
   38437.50000     1124.42729     55.11588      0.00000     0.00000
   39062.50000     1151.70623     62.36722      0.00000     0.00000
   39687.50000     1179.53497     70.91264      0.00000     0.00000
   40312.50000     1207.90410     81.08633      0.00000     0.00000
