   1015.00     303.71      24.26
   312.50000     305.15797     26.06681      0.00000     0.00000
   937.50000     309.35242     24.83350      0.00000     0.00000
   1562.50000     313.62171      5.90110      0.00000     0.00000
   2187.50000     318.03713      5.59966      0.00000     0.00000
   2812.50000     322.52633      5.29917      0.00000     0.00000
   3437.50000     327.08835      4.99988      0.00000     0.00000
   4062.50000     331.72176      4.70208      0.00000     0.00000
   4687.50000     336.42451      4.40610      0.00000     0.00000
   5312.50000     341.19387      4.11229      0.00000     0.00000
   5937.50000     346.02621      3.82107      0.00000     0.00000
   6562.50000     350.91684      3.53290      0.00000     0.00000
   7187.50000     355.85977      3.24834      0.00000     0.00000
   7812.50000     360.84742      2.96800      0.00000     0.00000
   8437.50000     365.87021      2.69259      0.00000     0.00000
   9062.50000     370.91619      2.42295      0.00000     0.00000
   9687.50000     375.97039      2.16004      0.00000     0.00000
   10312.50000     381.01423      1.90497      0.00000     0.00000
   10937.50000     386.02465      1.65905      0.00000     0.00000
   11562.50000     390.97323      1.42378      0.00000     0.00000
   12187.50000     395.82516      1.20090      0.00000     0.00000
   12812.50000     400.53837      0.99236      0.00000     0.00000
   13437.50000     405.06293      0.80032      0.00000     0.00000
   14062.50000     409.34145      0.62704      0.00000     0.00000
   14687.50000     413.31126      0.47475      0.00000     0.00000
   15312.50000     416.90958      0.34529      0.00000     0.00000
   15937.50000     420.08267      0.23977      0.00000     0.00000
   16562.50000     422.79854      0.15804      0.00000     0.00000
   17187.50000     425.05973      0.09841      0.00000     0.00000
   17812.50000     426.90964      0.05771      0.00000     0.00000
   18437.50000     428.42662      0.03182      0.00000     0.00000
   19062.50000     429.70678      0.01649      0.00000     0.00000
   19687.50000     430.84419      0.00802      0.00000     0.00000
   20312.50000     439.04537      0.00606      0.00000     0.00000
   20937.50000     453.42925      0.00678      0.00000     0.00000
   21562.50000     468.28435      0.00759      0.00000     0.00000
   22187.50000     483.62613      0.00850      0.00000     0.00000
   22812.50000     499.47052      0.00952      0.00000     0.00000
   23437.50000     515.83399      0.01066      0.00000     0.00000
   24062.50000     532.73354      0.01193      0.00000     0.00000
   24687.50000     550.18673      0.01336      0.00000     0.00000
   25312.50000     568.21169      0.01495      0.00000     0.00000
   25937.50000     586.82717      0.01674      0.00000     0.00000
   26562.50000     606.05249      0.01875      0.00000     0.00000
   27187.50000     625.90763      0.02099      0.00000     0.00000
   27812.50000     646.41323      0.02350      0.00000     0.00000
   28437.50000     667.59059      0.02631      0.00000     0.00000
   29062.50000     689.46170      0.02946      0.00000     0.00000
   29687.50000     712.04930      0.03298      0.00000     0.00000
   30312.50000     735.37683      0.03692      0.00000     0.00000
   30937.50000     759.46854      0.04134      0.00000     0.00000
   31562.50000     784.34945      0.04629      0.00000     0.00000
   32187.50000     810.04539      0.05182      0.00000     0.00000
   32812.50000     836.58307      0.05803      0.00000     0.00000
   33437.50000     863.99002      0.06497      0.00000     0.00000
   34062.50000     892.29471      0.07274      0.00000     0.00000
   34687.50000     921.52653      0.08145      0.00000     0.00000
   35312.50000     951.71582      0.09119      0.00000     0.00000
   35937.50000     982.89391      0.10211      0.00000     0.00000
   36562.50000     1015.09316      0.11433      0.00000     0.00000
   37187.50000     1048.34699      0.12801      0.00000     0.00000
   37812.50000     1082.68988      0.14334      0.00000     0.00000
   38437.50000     1118.15746      0.16050      0.00000     0.00000
   39062.50000     1154.78650      0.17972      0.00000     0.00000
   39687.50000     1192.61497      0.20125      0.00000     0.00000
   40312.50000     1231.68208      0.22535      0.00000     0.00000
   40937.50000     1272.02830      0.25235      0.00000     0.00000
   41562.50000     1313.69540      0.28260      0.00000     0.00000
   42187.50000     1356.72651      0.31647      0.00000     0.00000
   42812.50000     1401.16616      0.35442      0.00000     0.00000
   43437.50000     1447.06029      0.39693      0.00000     0.00000
   44062.50000     1494.45634      0.44456      0.00000     0.00000
   44687.50000     1543.40324      0.49792      0.00000     0.00000
   45312.50000     1593.95150      0.55771      0.00000     0.00000
   45937.50000     1646.15324      0.62472      0.00000     0.00000
   46562.50000     1700.06221      0.69981      0.00000     0.00000
   47187.50000     1755.73390      0.78399      0.00000     0.00000
   47812.50000     1813.22550      0.87836      0.00000     0.00000
   48437.50000     1872.59600      0.98417      0.00000     0.00000
   49062.50000     1933.90625      1.10284      0.00000     0.00000
   49687.50000     1997.21893      1.23594      0.00000     0.00000
   50312.50000     2062.59869      1.38526      0.00000     0.00000
