   1015.00     293.75      13.18
   312.50000     295.45239     14.43429      0.00000     0.00000
   937.50000     299.29149     13.33403      0.00000     0.00000
   1562.50000     303.16556      3.06244      0.00000     0.00000
   2187.50000     307.10613      2.79720      0.00000     0.00000
   2812.50000     311.06540      2.53700      0.00000     0.00000
   3437.50000     315.03315      2.28265      0.00000     0.00000
   4062.50000     318.99689      2.03508      0.00000     0.00000
   4687.50000     322.94134      1.79536      0.00000     0.00000
   5312.50000     326.84788      1.56472      0.00000     0.00000
   5937.50000     330.69400      1.34456      0.00000     0.00000
   6562.50000     334.45275      1.13647      0.00000     0.00000
   7187.50000     338.09226      0.94218      0.00000     0.00000
   7812.50000     341.57577      0.76359      0.00000     0.00000
   8437.50000     344.86225      0.60260      0.00000     0.00000
   9062.50000     347.90838      0.46101      0.00000     0.00000
   9687.50000     350.67242      0.34025      0.00000     0.00000
   10312.50000     358.11058      0.33428      0.00000     0.00000
   10937.50000     367.47370      0.36601      0.00000     0.00000
   11562.50000     377.08143      0.40077      0.00000     0.00000
   12187.50000     386.94013      0.43884      0.00000     0.00000
   12812.50000     397.05635      0.48053      0.00000     0.00000
   13437.50000     407.43676      0.52621      0.00000     0.00000
   14062.50000     418.08824      0.57624      0.00000     0.00000
   14687.50000     429.01782      0.63106      0.00000     0.00000
   15312.50000     440.23273      0.69111      0.00000     0.00000
   15937.50000     451.74036      0.75692      0.00000     0.00000
   16562.50000     463.54830      0.82902      0.00000     0.00000
   17187.50000     475.66432      0.90804      0.00000     0.00000
   17812.50000     488.09640      0.99465      0.00000     0.00000
   18437.50000     500.85269      1.08959      0.00000     0.00000
   19062.50000     513.94156      1.19366      0.00000     0.00000
   19687.50000     527.37159      1.30778      0.00000     0.00000
   20312.50000     541.15156      1.43292      0.00000     0.00000
   20937.50000     555.29045      1.57017      0.00000     0.00000
   21562.50000     569.79748      1.72073      0.00000     0.00000
   22187.50000     584.68207      1.88593      0.00000     0.00000
   22812.50000     599.95386      2.06723      0.00000     0.00000
   23437.50000     615.62273      2.26624      0.00000     0.00000
   24062.50000     631.69877      2.48477      0.00000     0.00000
   24687.50000     648.19229      2.72479      0.00000     0.00000
   25312.50000     665.11387      2.98849      0.00000     0.00000
   25937.50000     682.47426      3.27832      0.00000     0.00000
   26562.50000     700.28448      3.59700      0.00000     0.00000
   27187.50000     718.55577      3.94753      0.00000     0.00000
   27812.50000     737.29959      4.33330      0.00000     0.00000
   28437.50000     756.52761      4.75805      0.00000     0.00000
   29062.50000     776.25175      5.22599      0.00000     0.00000
   29687.50000     796.48411      5.74184      0.00000     0.00000
   30312.50000     817.23700      6.31090      0.00000     0.00000
   30937.50000     838.52294      6.93913      0.00000     0.00000
   31562.50000     860.35461      7.63326      0.00000     0.00000
   32187.50000     882.74485      8.40092      0.00000     0.00000
   32812.50000     905.70666      9.25077      0.00000     0.00000
   33437.50000     929.25314     10.19266      0.00000     0.00000
   34062.50000     953.39749     11.23787      0.00000     0.00000
   34687.50000     978.15294     12.39935      0.00000     0.00000
   35312.50000     1003.53276     13.69202      0.00000     0.00000
   35937.50000     1029.55013     15.13315      0.00000     0.00000
   36562.50000     1056.21816     16.74286      0.00000     0.00000
   37187.50000     1083.54975     18.54468      0.00000     0.00000
   37812.50000     1111.55751     20.56631      0.00000     0.00000
   38437.50000     1140.25366     22.84061      0.00000     0.00000
   39062.50000     1169.64989     25.40676      0.00000     0.00000
   39687.50000     1199.75715     28.31192      0.00000     0.00000
   40312.50000     1230.58549     31.61332      0.00000     0.00000
   40937.50000     1262.14378     35.38106      0.00000     0.00000
   41562.50000     1294.43936     39.70196      0.00000     0.00000
   42187.50000     1327.47769     44.68477      0.00000     0.00000
   42812.50000     1361.26175     50.46757      0.00000     0.00000
   43437.50000     1395.79148     57.22821      0.00000     0.00000
   44062.50000     1431.06284     65.19972      0.00000     0.00000
   44687.50000     1467.06677     74.69324      0.00000     0.00000
   45312.50000     1503.78767     86.13342      0.00000     0.00000
   45937.50000     1541.20148     100.11482      0.00000     0.00000
   46562.50000     1579.27296     117.49532      0.00000     0.00000
   47187.50000     1617.95195     139.55804      0.00000     0.00000
   47812.50000     1657.16812     168.30829      0.00000     0.00000
   48437.50000     1696.82325     207.05676      0.00000     0.00000
   49062.50000     1736.77979     261.66946      0.00000     0.00000
   49687.50000     1776.84342     343.57506      0.00000     0.00000
   50312.50000     1816.73541     478.26611      0.00000     0.00000
