   1015.00     293.75      13.18
   312.50000     295.45239     14.43429      0.00000     0.00000
   937.50000     299.29149     13.33403      0.00000     0.00000
   1562.50000     303.16556      3.06244      0.00000     0.00000
   2187.50000     307.10613      2.79720      0.00000     0.00000
   2812.50000     311.06540      2.53700      0.00000     0.00000
   3437.50000     315.03315      2.28265      0.00000     0.00000
   4062.50000     318.99689      2.03508      0.00000     0.00000
   4687.50000     322.94134      1.79536      0.00000     0.00000
   5312.50000     326.84788      1.56472      0.00000     0.00000
   5937.50000     330.69400      1.34456      0.00000     0.00000
   6562.50000     334.45275      1.13647      0.00000     0.00000
   7187.50000     338.09226      0.94218      0.00000     0.00000
   7812.50000     341.57577      0.76359      0.00000     0.00000
   8437.50000     344.86225      0.60260      0.00000     0.00000
   9062.50000     347.90838      0.46101      0.00000     0.00000
   9687.50000     350.67242      0.34025      0.00000     0.00000
   10312.50000     353.12024      0.24106      0.00000     0.00000
   10937.50000     355.23306      0.16318      0.00000     0.00000
   11562.50000     357.01461      0.10514      0.00000     0.00000
   12187.50000     362.10933      0.08302      0.00000     0.00000
   12812.50000     372.32391      0.09152      0.00000     0.00000
   13437.50000     382.82657      0.10090      0.00000     0.00000
   14062.50000     393.62543      0.11124      0.00000     0.00000
   14687.50000     404.72884      0.12264      0.00000     0.00000
   15312.50000     416.14536      0.13521      0.00000     0.00000
   15937.50000     427.88382      0.14907      0.00000     0.00000
   16562.50000     439.95329      0.16435      0.00000     0.00000
   17187.50000     452.36309      0.18121      0.00000     0.00000
   17812.50000     465.12279      0.19979      0.00000     0.00000
   18437.50000     478.24224      0.22028      0.00000     0.00000
   19062.50000     491.73156      0.24287      0.00000     0.00000
   19687.50000     505.60117      0.26779      0.00000     0.00000
   20312.50000     519.86174      0.29527      0.00000     0.00000
   20937.50000     534.52427      0.32558      0.00000     0.00000
   21562.50000     549.60007      0.35901      0.00000     0.00000
   22187.50000     565.10072      0.39588      0.00000     0.00000
   22812.50000     581.03817      0.43654      0.00000     0.00000
   23437.50000     597.42467      0.48140      0.00000     0.00000
   24062.50000     614.27282      0.53089      0.00000     0.00000
   24687.50000     631.59554      0.58549      0.00000     0.00000
   25312.50000     649.40615      0.64573      0.00000     0.00000
   25937.50000     667.71830      0.71219      0.00000     0.00000
   26562.50000     686.54600      0.78554      0.00000     0.00000
   27187.50000     705.90368      0.86650      0.00000     0.00000
   27812.50000     725.80611      0.95585      0.00000     0.00000
   28437.50000     746.26850      1.05449      0.00000     0.00000
   29062.50000     767.30644      1.16340      0.00000     0.00000
   29687.50000     788.93594      1.28366      0.00000     0.00000
   30312.50000     811.17342      1.41648      0.00000     0.00000
   30937.50000     834.03574      1.56321      0.00000     0.00000
   31562.50000     857.54019      1.72532      0.00000     0.00000
   32187.50000     881.70451      1.90448      0.00000     0.00000
   32812.50000     906.54688      2.10253      0.00000     0.00000
   33437.50000     932.08594      2.32153      0.00000     0.00000
   34062.50000     958.34077      2.56377      0.00000     0.00000
   34687.50000     985.33094      2.83180      0.00000     0.00000
   35312.50000     1013.07647      3.12849      0.00000     0.00000
   35937.50000     1041.59783      3.45705      0.00000     0.00000
   36562.50000     1070.91597      3.82107      0.00000     0.00000
   37187.50000     1101.05230      4.22459      0.00000     0.00000
   37812.50000     1132.02869      4.67215      0.00000     0.00000
   38437.50000     1163.86742      5.16888      0.00000     0.00000
   39062.50000     1196.59124      5.72059      0.00000     0.00000
   39687.50000     1230.22328      6.33384      0.00000     0.00000
   40312.50000     1264.78710      7.01609      0.00000     0.00000
   40937.50000     1300.30659      7.77587      0.00000     0.00000
   41562.50000     1336.80596      8.62289      0.00000     0.00000
   42187.50000     1374.30973      9.56833      0.00000     0.00000
   42812.50000     1412.84262     10.62506      0.00000     0.00000
   43437.50000     1452.42951     11.80796      0.00000     0.00000
   44062.50000     1493.09534     13.13433      0.00000     0.00000
   44687.50000     1534.86501     14.62440      0.00000     0.00000
   45312.50000     1577.76327     16.30192      0.00000     0.00000
   45937.50000     1621.81452     18.19498      0.00000     0.00000
   46562.50000     1667.04266     20.33702      0.00000     0.00000
   47187.50000     1713.47082     22.76813      0.00000     0.00000
   47812.50000     1761.12106     25.53682      0.00000     0.00000
   48437.50000     1810.01403     28.70223      0.00000     0.00000
   49062.50000     1860.16849     32.33731      0.00000     0.00000
   49687.50000     1911.60072     36.53295      0.00000     0.00000
   50312.50000     1964.32381     41.40392      0.00000     0.00000
