   1015.00     293.75       4.94
   312.50000     296.04092      5.61464      0.00000     0.00000
   937.50000     299.94358      5.20079      0.00000     0.00000
   1562.50000     303.88357      1.59740      0.00000     0.00000
   2187.50000     307.86825      1.46348      0.00000     0.00000
   2812.50000     311.87612      1.33187      0.00000     0.00000
   3437.50000     315.89780      1.20298      0.00000     0.00000
   4062.50000     319.92180      1.07724      0.00000     0.00000
   4687.50000     323.93399      0.95515      0.00000     0.00000
   5312.50000     327.91716      0.83730      0.00000     0.00000
   5937.50000     331.85040      0.72435      0.00000     0.00000
   6562.50000     335.70852      0.61706      0.00000     0.00000
   7187.50000     339.46149      0.51627      0.00000     0.00000
   7812.50000     343.07421      0.42289      0.00000     0.00000
   8437.50000     346.50677      0.33790      0.00000     0.00000
   9062.50000     349.71572      0.26225      0.00000     0.00000
   9687.50000     352.65708      0.19677      0.00000     0.00000
   10312.50000     355.29143      0.14200      0.00000     0.00000
   10937.50000     357.59126      0.09809      0.00000     0.00000
   11562.50000     359.54897      0.06457      0.00000     0.00000
   12187.50000     361.18263      0.04038      0.00000     0.00000
   12812.50000     363.85498      0.02631      0.00000     0.00000
   13437.50000     374.36246      0.02907      0.00000     0.00000
   14062.50000     385.17337      0.03212      0.00000     0.00000
   14687.50000     396.29645      0.03549      0.00000     0.00000
   15312.50000     407.74072      0.03922      0.00000     0.00000
   15937.50000     419.51545      0.04333      0.00000     0.00000
   16562.50000     431.63017      0.04788      0.00000     0.00000
   17187.50000     444.09471      0.05291      0.00000     0.00000
   17812.50000     456.91916      0.05847      0.00000     0.00000
   18437.50000     470.11390      0.06460      0.00000     0.00000
   19062.50000     483.68961      0.07139      0.00000     0.00000
   19687.50000     497.65730      0.07889      0.00000     0.00000
   20312.50000     512.02827      0.08718      0.00000     0.00000
   20937.50000     526.81416      0.09634      0.00000     0.00000
   21562.50000     542.02692      0.10646      0.00000     0.00000
   22187.50000     557.67889      0.11765      0.00000     0.00000
   22812.50000     573.78271      0.13001      0.00000     0.00000
   23437.50000     590.35142      0.14368      0.00000     0.00000
   24062.50000     607.39842      0.15879      0.00000     0.00000
   24687.50000     624.93751      0.17550      0.00000     0.00000
   25312.50000     642.98285      0.19396      0.00000     0.00000
   25937.50000     661.54903      0.21438      0.00000     0.00000
   26562.50000     680.65106      0.23695      0.00000     0.00000
   27187.50000     700.30437      0.26191      0.00000     0.00000
   27812.50000     720.52483      0.28951      0.00000     0.00000
   28437.50000     741.32876      0.32004      0.00000     0.00000
   29062.50000     762.73294      0.35379      0.00000     0.00000
   29687.50000     784.75464      0.39113      0.00000     0.00000
   30312.50000     807.41160      0.43244      0.00000     0.00000
   30937.50000     830.72208      0.47814      0.00000     0.00000
   31562.50000     854.70484      0.52872      0.00000     0.00000
   32187.50000     879.37916      0.58469      0.00000     0.00000
   32812.50000     904.76488      0.64664      0.00000     0.00000
   33437.50000     930.88239      0.71523      0.00000     0.00000
   34062.50000     957.75262      0.79118      0.00000     0.00000
   34687.50000     985.39712      0.87530      0.00000     0.00000
   35312.50000     1013.83799      0.96850      0.00000     0.00000
   35937.50000     1043.09797      1.07179      0.00000     0.00000
   36562.50000     1073.20040      1.18629      0.00000     0.00000
   37187.50000     1104.16926      1.31327      0.00000     0.00000
   37812.50000     1136.02915      1.45414      0.00000     0.00000
   38437.50000     1168.80535      1.61050      0.00000     0.00000
   39062.50000     1202.52379      1.78411      0.00000     0.00000
   39687.50000     1237.21107      1.97700      0.00000     0.00000
   40312.50000     1272.89448      2.19143      0.00000     0.00000
   40937.50000     1309.60198      2.42996      0.00000     0.00000
   41562.50000     1347.36225      2.69550      0.00000     0.00000
   42187.50000     1386.20463      2.99135      0.00000     0.00000
   42812.50000     1426.15916      3.32126      0.00000     0.00000
   43437.50000     1467.25658      3.68954      0.00000     0.00000
   44062.50000     1509.52829      4.10112      0.00000     0.00000
   44687.50000     1553.00637      4.56166      0.00000     0.00000
   45312.50000     1597.72352      5.07771      0.00000     0.00000
   45937.50000     1643.71304      5.65690      0.00000     0.00000
   46562.50000     1691.00883      6.30809      0.00000     0.00000
   47187.50000     1739.64528      7.04171      0.00000     0.00000
   47812.50000     1789.65721      7.87004      0.00000     0.00000
   48437.50000     1841.07981      8.80769      0.00000     0.00000
   49062.50000     1893.94849      9.87213      0.00000     0.00000
   49687.50000     1948.29873     11.08444      0.00000     0.00000
   50312.50000     2004.16590     12.47027      0.00000     0.00000
