   1015.00     293.75      13.18
   312.50000     295.45239     14.43429      0.00000     0.00000
   937.50000     299.29149     13.33403      0.00000     0.00000
   1562.50000     303.16556      3.06244      0.00000     0.00000
   2187.50000     307.10613      2.79720      0.00000     0.00000
   2812.50000     311.06540      2.53700      0.00000     0.00000
   3437.50000     315.03315      2.28265      0.00000     0.00000
   4062.50000     318.99689      2.03508      0.00000     0.00000
   4687.50000     322.94134      1.79536      0.00000     0.00000
   5312.50000     326.84788      1.56472      0.00000     0.00000
   5937.50000     330.69400      1.34456      0.00000     0.00000
   6562.50000     334.45275      1.13647      0.00000     0.00000
   7187.50000     338.09226      0.94218      0.00000     0.00000
   7812.50000     341.57577      0.76359      0.00000     0.00000
   8437.50000     344.86225      0.60260      0.00000     0.00000
   9062.50000     347.90838      0.46101      0.00000     0.00000
   9687.50000     350.67242      0.34025      0.00000     0.00000
   10312.50000     353.12024      0.24106      0.00000     0.00000
   10937.50000     355.23306      0.16318      0.00000     0.00000
   11562.50000     362.72447      0.15532      0.00000     0.00000
   12187.50000     372.63470      0.17073      0.00000     0.00000
   12812.50000     382.81559      0.18767      0.00000     0.00000
   13437.50000     393.27453      0.20629      0.00000     0.00000
   14062.50000     404.01908      0.22676      0.00000     0.00000
   14687.50000     415.05704      0.24927      0.00000     0.00000
   15312.50000     426.39639      0.27401      0.00000     0.00000
   15937.50000     438.04535      0.30122      0.00000     0.00000
   16562.50000     450.01234      0.33113      0.00000     0.00000
   17187.50000     462.30603      0.36403      0.00000     0.00000
   17812.50000     474.93529      0.40020      0.00000     0.00000
   18437.50000     487.90925      0.43998      0.00000     0.00000
   19062.50000     501.23729      0.48372      0.00000     0.00000
   19687.50000     514.92901      0.53184      0.00000     0.00000
   20312.50000     528.99430      0.58475      0.00000     0.00000
   20937.50000     543.44329      0.64296      0.00000     0.00000
   21562.50000     558.28638      0.70700      0.00000     0.00000
   22187.50000     573.53426      0.77744      0.00000     0.00000
   22812.50000     589.19787      0.85495      0.00000     0.00000
   23437.50000     605.28846      0.94025      0.00000     0.00000
   24062.50000     621.81756      1.03411      0.00000     0.00000
   24687.50000     638.79701      1.13743      0.00000     0.00000
   25312.50000     656.23894      1.25116      0.00000     0.00000
   25937.50000     674.15580      1.37638      0.00000     0.00000
   26562.50000     692.56035      1.51427      0.00000     0.00000
   27187.50000     711.46566      1.66615      0.00000     0.00000
   27812.50000     730.88515      1.83346      0.00000     0.00000
   28437.50000     750.83255      2.01783      0.00000     0.00000
   29062.50000     771.32193      2.22103      0.00000     0.00000
   29687.50000     792.36769      2.44506      0.00000     0.00000
   30312.50000     813.98457      2.69214      0.00000     0.00000
   30937.50000     836.18768      2.96472      0.00000     0.00000
   31562.50000     858.99243      3.26555      0.00000     0.00000
   32187.50000     882.41460      3.59770      0.00000     0.00000
   32812.50000     906.47031      3.96461      0.00000     0.00000
   33437.50000     931.17601      4.37012      0.00000     0.00000
   34062.50000     956.54848      4.81854      0.00000     0.00000
   34687.50000     982.60483      5.31472      0.00000     0.00000
   35312.50000     1009.36248      5.86414      0.00000     0.00000
   35937.50000     1036.83917      6.47296      0.00000     0.00000
   36562.50000     1065.05290      7.14820      0.00000     0.00000
   37187.50000     1094.02194      7.89779      0.00000     0.00000
   37812.50000     1123.76479      8.73079      0.00000     0.00000
   38437.50000     1154.30017      9.65755      0.00000     0.00000
   39062.50000     1185.64694     10.68996      0.00000     0.00000
   39687.50000     1217.82407     11.84171      0.00000     0.00000
   40312.50000     1250.85057     13.12865      0.00000     0.00000
   40937.50000     1284.74543     14.56919      0.00000     0.00000
   41562.50000     1319.52752     16.18489      0.00000     0.00000
   42187.50000     1355.21545     18.00107      0.00000     0.00000
   42812.50000     1391.82748     20.04771      0.00000     0.00000
   43437.50000     1429.38131     22.36054      0.00000     0.00000
   44062.50000     1467.89390     24.98245      0.00000     0.00000
   44687.50000     1507.38119     27.96538      0.00000     0.00000
   45312.50000     1547.85781     31.37282      0.00000     0.00000
   45937.50000     1589.33665     35.28316      0.00000     0.00000
   46562.50000     1631.82840     39.79433      0.00000     0.00000
   47187.50000     1675.34087     45.03022      0.00000     0.00000
   47812.50000     1719.87826     51.14982      0.00000     0.00000
   48437.50000     1765.44004     58.36054      0.00000     0.00000
   49062.50000     1812.01964     66.93796      0.00000     0.00000
   49687.50000     1859.60267     77.25612      0.00000     0.00000
   50312.50000     1908.16444     89.83528      0.00000     0.00000
