   1015.00     291.26       4.22
   312.50000     293.63429      4.82816      0.00000     0.00000
   937.50000     297.41816      4.42872      0.00000     0.00000
   1562.50000     301.22475      1.34540      0.00000     0.00000
   2187.50000     305.05681      1.21738      0.00000     0.00000
   2812.50000     308.89184      1.09241      0.00000     0.00000
   3437.50000     312.71688      0.97097      0.00000     0.00000
   4062.50000     316.51614      0.85363      0.00000     0.00000
   4687.50000     320.27052      0.74101      0.00000     0.00000
   5312.50000     323.95700      0.63385      0.00000     0.00000
   5937.50000     327.54826      0.53294      0.00000     0.00000
   6562.50000     331.01228      0.43916      0.00000     0.00000
   7187.50000     334.31264      0.35346      0.00000     0.00000
   7812.50000     337.40943      0.27674      0.00000     0.00000
   8437.50000     340.26173      0.20985      0.00000     0.00000
   9062.50000     342.83188      0.15337      0.00000     0.00000
   9687.50000     345.09173      0.10753      0.00000     0.00000
   10312.50000     347.02994      0.07200      0.00000     0.00000
   10937.50000     348.65780      0.04589      0.00000     0.00000
   11562.50000     350.01047      0.02777      0.00000     0.00000
   12187.50000     351.14183      0.01593      0.00000     0.00000
   12812.50000     352.11440      0.00866      0.00000     0.00000
   13437.50000     352.98881      0.00445      0.00000     0.00000
   14062.50000     353.81660      0.00216      0.00000     0.00000
   14687.50000     359.56175      0.00150      0.00000     0.00000
   15312.50000     371.34163      0.00168      0.00000     0.00000
   15937.50000     383.50745      0.00189      0.00000     0.00000
   16562.50000     396.07184      0.00211      0.00000     0.00000
   17187.50000     409.04787      0.00236      0.00000     0.00000
   17812.50000     422.44900      0.00265      0.00000     0.00000
   18437.50000     436.28918      0.00296      0.00000     0.00000
   19062.50000     450.58279      0.00332      0.00000     0.00000
   19687.50000     465.34467      0.00371      0.00000     0.00000
   20312.50000     480.59018      0.00416      0.00000     0.00000
   20937.50000     496.33515      0.00465      0.00000     0.00000
   21562.50000     512.59595      0.00521      0.00000     0.00000
   22187.50000     529.38947      0.00583      0.00000     0.00000
   22812.50000     546.73317      0.00653      0.00000     0.00000
   23437.50000     564.64508      0.00731      0.00000     0.00000
   24062.50000     583.14380      0.00819      0.00000     0.00000
   24687.50000     602.24855      0.00917      0.00000     0.00000
   25312.50000     621.97920      0.01026      0.00000     0.00000
   25937.50000     642.35624      0.01149      0.00000     0.00000
   26562.50000     663.40085      0.01287      0.00000     0.00000
   27187.50000     685.13489      0.01441      0.00000     0.00000
   27812.50000     707.58095      0.01613      0.00000     0.00000
   28437.50000     730.76236      0.01806      0.00000     0.00000
   29062.50000     754.70319      0.02022      0.00000     0.00000
   29687.50000     779.42832      0.02264      0.00000     0.00000
   30312.50000     804.96344      0.02535      0.00000     0.00000
   30937.50000     831.33508      0.02838      0.00000     0.00000
   31562.50000     858.57063      0.03178      0.00000     0.00000
   32187.50000     886.69839      0.03558      0.00000     0.00000
   32812.50000     915.74758      0.03983      0.00000     0.00000
   33437.50000     945.74837      0.04460      0.00000     0.00000
   34062.50000     976.73191      0.04994      0.00000     0.00000
   34687.50000     1008.73039      0.05592      0.00000     0.00000
   35312.50000     1041.77704      0.06261      0.00000     0.00000
   35937.50000     1075.90617      0.07011      0.00000     0.00000
   36562.50000     1111.15321      0.07850      0.00000     0.00000
   37187.50000     1147.55475      0.08790      0.00000     0.00000
   37812.50000     1185.14858      0.09843      0.00000     0.00000
   38437.50000     1223.97372      0.11022      0.00000     0.00000
   39062.50000     1264.07045      0.12343      0.00000     0.00000
   39687.50000     1305.48037      0.13822      0.00000     0.00000
   40312.50000     1348.24643      0.15479      0.00000     0.00000
   40937.50000     1392.41298      0.17335      0.00000     0.00000
   41562.50000     1438.02581      0.19414      0.00000     0.00000
   42187.50000     1485.13219      0.21744      0.00000     0.00000
   42812.50000     1533.78092      0.24354      0.00000     0.00000
   43437.50000     1584.02239      0.27279      0.00000     0.00000
   44062.50000     1635.90861      0.30557      0.00000     0.00000
   44687.50000     1689.49327      0.34230      0.00000     0.00000
   45312.50000     1744.83177      0.38348      0.00000     0.00000
   45937.50000     1801.98133      0.42965      0.00000     0.00000
   46562.50000     1861.00096      0.48141      0.00000     0.00000
   47187.50000     1921.95157      0.53946      0.00000     0.00000
   47812.50000     1984.89602      0.60458      0.00000     0.00000
   48437.50000     2049.89916      0.67764      0.00000     0.00000
   49062.50000     2117.02788      0.75963      0.00000     0.00000
   49687.50000     2186.35117      0.85167      0.00000     0.00000
   50312.50000     2257.94019      0.95503      0.00000     0.00000
