   97975.01562     
   91177.26562     
   84756.91406     
   78711.03125     
   73024.14062     
   67676.36719     
   62652.56250     
   57939.58203     
   53521.59766     
   49382.87500     
   45508.46094     
   41881.75000     
   38487.02344     
   35310.47266     
   32338.65430     
   29559.35352     
   26961.87891     
   24536.63281     
   22274.80664     
   20167.45898     
   18208.94336     
   16392.70117     
   14710.86035     
   13157.39258     
   11726.23828     
   10411.28320     
   9206.63184     
   8106.68701     
   7106.36670     
   6201.67627     
   5390.27783     
   4670.45752     
   4040.92163     
   3493.32739     
   3014.40796     
   2592.88770     
   2219.67700     
   1888.52112     
   1596.77515     
   1342.48242     
   1121.87720     
   932.26453     
   771.77026     
   635.65741     
   520.54944     
   423.58600     
   342.25729     
   274.30844     
