   1015.10     298.61      17.66
   312.50000     298.60785     17.66006      0.00000     0.00000
   937.50000     301.55618     12.52343      0.00000     0.00000
   1562.50000     304.91840      9.52878      0.00000     0.00000
   2187.50000     308.03043      7.72187      0.00000     0.00000
   2812.50000     310.84314      6.47016      0.00000     0.00000
   3437.50000     313.56418      5.47356      0.00000     0.00000
   4062.50000     316.61615      4.53810      0.00000     0.00000
   4687.50000     319.60419      3.62855      0.00000     0.00000
   5312.50000     322.49603      2.80197      0.00000     0.00000
   5937.50000     325.45844      2.12035      0.00000     0.00000
   6562.50000     328.25214      1.56121      0.00000     0.00000
   7187.50000     330.65128      1.11419      0.00000     0.00000
   7812.50000     332.83252      0.77897      0.00000     0.00000
   8437.50000     334.72949      0.53996      0.00000     0.00000
   9062.50000     336.33453      0.37456      0.00000     0.00000
   9687.50000     337.64133      0.25836      0.00000     0.00000
   10312.50000     338.71567      0.16688      0.00000     0.00000
   10937.50000     339.62885      0.10174      0.00000     0.00000
   11562.50000     340.32990      0.05889      0.00000     0.00000
   12187.50000     340.98175      0.03276      0.00000     0.00000
   12812.50000     341.58447      0.01754      0.00000     0.00000
   13437.50000     342.04788      0.00892      0.00000     0.00000
   14062.50000     342.53839      0.00431      0.00000     0.00000
   14687.50000     343.05249      0.00200      0.00000     0.00000
   15312.50000     343.55850      0.00088      0.00000     0.00000
   15937.50000     344.06174      0.00037      0.00000     0.00000
   16562.50000     344.54935      0.00015      0.00000     0.00000
   17187.50000     344.97925      0.00005      0.00000     0.00000
   17812.50000     345.46103      0.00002      0.00000     0.00000
   18437.50000     346.53815      0.00001      0.00000     0.00000
   19062.50000     349.16144      0.00000      0.00000     0.00000
   19687.50000     354.16962      0.00000      0.00000     0.00000
   20312.50000     365.64825      0.00000      0.00000     0.00000
   20937.50000     379.66406      0.00000      0.00000     0.00000
   21562.50000     395.08871      0.00000      0.00000     0.00000
   22187.50000     407.68689      0.00000      0.00000     0.00000
   22812.50000     414.41891      0.00000      0.00000     0.00000
   23437.50000     417.04318      0.00000      0.00000     0.00000
   24062.50000     420.26212      0.00000      0.00000     0.00000
   24687.50000     423.36060      0.00000      0.00000     0.00000
   25312.50000     428.58884      0.00000      0.00000     0.00000
   25937.50000     438.32083      0.00000      0.00000     0.00000
   26562.50000     449.83514      0.00000      0.00000     0.00000
   27187.50000     461.64890      0.00000      0.00000     0.00000
   27812.50000     473.79092      0.00000      0.00000     0.00000
   28437.50000     486.25143      0.00000      0.00000     0.00000
   29062.50000     498.70828      0.00000      0.00000     0.00000
   29687.50000     511.16467      0.00000      0.00000     0.00000
   30312.50000     523.62109      0.00000      0.00000     0.00000
   30937.50000     536.07745      0.00000      0.00000     0.00000
   31562.50000     548.53381      0.00000      0.00000     0.00000
