   98087.31250     
   91319.76562     
   84942.71875     
   78940.89062     
   73295.46875     
   67987.63281     
   63000.97656     
   58320.98828     
   53933.48828     
   49824.04688     
   45977.10547     
   42376.03516     
   39005.50781     
   35851.82031     
   32901.47656     
   30142.03711     
   27562.41992     
   25152.75195     
   22904.11914     
   20807.34570     
   18856.02734     
   17044.15625     
   15366.85059     
   13822.38281     
   12403.73047     
   11111.33301     
   9949.58496     
   8913.54395     
   7992.99316     
   7174.39600     
   6443.85254     
   5788.61084     
   5199.96045     
   4669.97168     
   4191.53613     
   3760.03442     
   3371.06958     
   3020.59180     
   2704.92261     
   2420.64160     
