   1015.00     248.94       0.47
   312.50000     252.06889      0.60274      0.00000     0.00000
   937.50000     253.09886      0.40798      0.00000     0.00000
   1562.50000     253.97875      0.09953      0.00000     0.00000
   2187.50000     254.73388      0.06213      0.00000     0.00000
   2812.50000     255.39237      0.03717      0.00000     0.00000
   3437.50000     255.98410      0.02127      0.00000     0.00000
   4062.50000     256.53654      0.01163      0.00000     0.00000
   4687.50000     257.07294      0.00605      0.00000     0.00000
   5312.50000     257.61182      0.00299      0.00000     0.00000
   5937.50000     258.29294      0.00142      0.00000     0.00000
   6562.50000     266.75508      0.00159      0.00000     0.00000
   7187.50000     275.49446      0.00177      0.00000     0.00000
   7812.50000     284.52015      0.00199      0.00000     0.00000
   8437.50000     293.84154      0.00222      0.00000     0.00000
   9062.50000     303.46831      0.00249      0.00000     0.00000
   9687.50000     313.41047      0.00279      0.00000     0.00000
   10312.50000     323.67836      0.00312      0.00000     0.00000
   10937.50000     334.28263      0.00350      0.00000     0.00000
   11562.50000     345.23432      0.00391      0.00000     0.00000
   12187.50000     356.54480      0.00438      0.00000     0.00000
   12812.50000     368.22582      0.00491      0.00000     0.00000
   13437.50000     380.28954      0.00549      0.00000     0.00000
   14062.50000     392.74847      0.00615      0.00000     0.00000
   14687.50000     405.61558      0.00688      0.00000     0.00000
   15312.50000     418.90423      0.00771      0.00000     0.00000
   15937.50000     432.62823      0.00863      0.00000     0.00000
   16562.50000     446.80184      0.00966      0.00000     0.00000
   17187.50000     461.43980      0.01082      0.00000     0.00000
   17812.50000     476.55730      0.01211      0.00000     0.00000
   18437.50000     492.17007      0.01356      0.00000     0.00000
   19062.50000     508.29432      0.01518      0.00000     0.00000
   19687.50000     524.94681      0.01699      0.00000     0.00000
   20312.50000     542.14483      0.01903      0.00000     0.00000
   20937.50000     559.90627      0.02130      0.00000     0.00000
   21562.50000     578.24957      0.02385      0.00000     0.00000
   22187.50000     597.19379      0.02670      0.00000     0.00000
   22812.50000     616.75861      0.02990      0.00000     0.00000
   23437.50000     636.96435      0.03347      0.00000     0.00000
   24062.50000     657.83202      0.03748      0.00000     0.00000
   24687.50000     679.38327      0.04196      0.00000     0.00000
   25312.50000     701.64050      0.04698      0.00000     0.00000
   25937.50000     724.62682      0.05260      0.00000     0.00000
   26562.50000     748.36611      0.05889      0.00000     0.00000
   27187.50000     772.88300      0.06594      0.00000     0.00000
   27812.50000     798.20298      0.07383      0.00000     0.00000
   28437.50000     824.35230      0.08266      0.00000     0.00000
   29062.50000     851.35813      0.09255      0.00000     0.00000
   29687.50000     879.24850      0.10362      0.00000     0.00000
   30312.50000     908.05234      0.11602      0.00000     0.00000
   30937.50000     937.79954      0.12990      0.00000     0.00000
   31562.50000     968.52096      0.14545      0.00000     0.00000
   32187.50000     1000.24846      0.16286      0.00000     0.00000
   32812.50000     1033.01494      0.18235      0.00000     0.00000
   33437.50000     1066.85437      0.20418      0.00000     0.00000
   34062.50000     1101.80180      0.22862      0.00000     0.00000
   34687.50000     1137.89345      0.25600      0.00000     0.00000
   35312.50000     1175.16668      0.28665      0.00000     0.00000
   35937.50000     1213.66008      0.32098      0.00000     0.00000
   36562.50000     1253.41346      0.35944      0.00000     0.00000
   37187.50000     1294.46793      0.40250      0.00000     0.00000
   37812.50000     1336.86592      0.45074      0.00000     0.00000
   38437.50000     1380.65119      0.50478      0.00000     0.00000
   39062.50000     1425.86893      0.56531      0.00000     0.00000
   39687.50000     1472.56575      0.63311      0.00000     0.00000
   40312.50000     1520.78974      0.70908      0.00000     0.00000
   40937.50000     1570.59051      0.79420      0.00000     0.00000
   41562.50000     1622.01924      0.88958      0.00000     0.00000
   42187.50000     1675.12868      0.99647      0.00000     0.00000
   42812.50000     1729.97325      1.11627      0.00000     0.00000
   43437.50000     1786.60904      1.25056      0.00000     0.00000
   44062.50000     1845.09384      1.40111      0.00000     0.00000
   44687.50000     1905.48722      1.56992      0.00000     0.00000
   45312.50000     1967.85053      1.75924      0.00000     0.00000
   45937.50000     2032.24694      1.97159      0.00000     0.00000
   46562.50000     2098.74149      2.20985      0.00000     0.00000
   47187.50000     2167.40107      2.47724      0.00000     0.00000
   47812.50000     2238.29451      2.77740      0.00000     0.00000
   48437.50000     2311.49252      3.11446      0.00000     0.00000
   49062.50000     2387.06776      3.49309      0.00000     0.00000
   49687.50000     2465.09481      3.91859      0.00000     0.00000
   50312.50000     2545.65016      4.39699      0.00000     0.00000
