   1015.10     299.29      18.87
   312.50000     299.28650     18.86607      0.00000     0.00000
   937.50000     302.41348     14.13872      0.00000     0.00000
   1562.50000     305.68875     10.93084      0.00000     0.00000
   2187.50000     308.90076      8.60229      0.00000     0.00000
   2812.50000     311.85312      7.02497      0.00000     0.00000
   3437.50000     314.63889      5.90086      0.00000     0.00000
   4062.50000     317.54987      4.95737      0.00000     0.00000
   4687.50000     320.58167      4.03462      0.00000     0.00000
   5312.50000     323.61536      3.15101      0.00000     0.00000
   5937.50000     326.68680      2.39448      0.00000     0.00000
   6562.50000     329.59930      1.77209      0.00000     0.00000
   7187.50000     332.14902      1.27511      0.00000     0.00000
   7812.50000     334.50067      0.89830      0.00000     0.00000
   8437.50000     336.58817      0.62590      0.00000     0.00000
   9062.50000     338.32083      0.43466      0.00000     0.00000
   9687.50000     339.79480      0.30059      0.00000     0.00000
   10312.50000     341.01001      0.20112      0.00000     0.00000
   10937.50000     342.04626      0.12440      0.00000     0.00000
   11562.50000     342.90939      0.07333      0.00000     0.00000
   12187.50000     343.37936      0.04098      0.00000     0.00000
   12812.50000     344.32523      0.02225      0.00000     0.00000
   13437.50000     344.74219      0.01148      0.00000     0.00000
   14062.50000     345.26730      0.00563      0.00000     0.00000
   14687.50000     345.81735      0.00264      0.00000     0.00000
   15312.50000     346.36426      0.00117      0.00000     0.00000
   15937.50000     346.91428      0.00049      0.00000     0.00000
   16562.50000     347.48779      0.00020      0.00000     0.00000
   17187.50000     348.07764      0.00007      0.00000     0.00000
   17812.50000     348.65894      0.00003      0.00000     0.00000
   18437.50000     349.29633      0.00001      0.00000     0.00000
   19062.50000     350.46213      0.00000      0.00000     0.00000
   19687.50000     352.94733      0.00000      0.00000     0.00000
   20312.50000     361.05167      0.00000      0.00000     0.00000
   20937.50000     372.36075      0.00000      0.00000     0.00000
   21562.50000     387.46790      0.00000      0.00000     0.00000
   22187.50000     401.88876      0.00000      0.00000     0.00000
   22812.50000     410.48633      0.00000      0.00000     0.00000
   23437.50000     414.31290      0.00000      0.00000     0.00000
   24062.50000     418.38919      0.00000      0.00000     0.00000
   24687.50000     422.34036      0.00000      0.00000     0.00000
   25312.50000     428.38110      0.00000      0.00000     0.00000
   25937.50000     438.38562      0.00000      0.00000     0.00000
   26562.50000     449.83771      0.00000      0.00000     0.00000
   27187.50000     461.64621      0.00000      0.00000     0.00000
   27812.50000     473.78860      0.00000      0.00000     0.00000
   28437.50000     486.24991      0.00000      0.00000     0.00000
   29062.50000     498.70920      0.00000      0.00000     0.00000
   29687.50000     511.16821      0.00000      0.00000     0.00000
   30312.50000     523.62720      0.00000      0.00000     0.00000
   30937.50000     536.08624      0.00000      0.00000     0.00000
   31562.50000     548.54529      0.00000      0.00000     0.00000
