   98087.31250     
   91322.46875     
   84954.32031     
   78965.89062     
   73335.95312     
   68045.45312     
   63077.61719     
   58417.01172     
   54048.84766     
   49958.63672     
   46130.60938     
   42547.79688     
   39194.89062     
   36058.12891     
   33123.89062     
   30379.78516     
   27814.78711     
   25419.00781     
   23183.65430     
   21099.99414     
   19161.82812     
   17362.27148     
   15694.42969     
   14153.73242     
   12733.74609     
   11438.05664     
   10270.05273     
   9221.79004     
   8282.06738     
   7439.11914     
   6682.89062     
   6004.51855     
   5397.38086     
   4852.33984     
   4360.39111     
   3916.35864     
   3515.73145     
   3154.40454     
   2828.64868     
   2534.99146     
