   97993.28906     
   91263.00781     
   84917.89844     
   78941.18750     
   73316.42188     
   68026.23438     
   63054.18750     
   58385.35547     
   54007.44922     
   49907.37109     
   46068.78516     
   42475.51562     
   39112.87109     
   35966.78516     
   33023.82422     
   30271.27930     
   27697.44922     
   25292.04492     
   23045.79883     
   20950.26367     
   18997.98242     
   17182.40625     
   15498.77344     
   13946.49609     
   12529.52637     
   11250.52148     
   10103.07520     
   9069.75391     
   8141.40186     
   7312.13916     
   6568.78271     
   5900.17334     
   5297.80762     
   4756.07764     
   4270.32471     
   3834.91211     
   3444.55005     
   3094.50000     
   2780.53760     
   2498.89087     
