   1015.00     299.91      20.24
   312.50000     299.91379     20.24074      0.00000     0.00000
   937.50000     303.35089     16.18907      0.00000     0.00000
   1562.50000     306.58124     12.85991      0.00000     0.00000
   2187.50000     309.78015     10.35312      0.00000     0.00000
   2812.50000     312.75217      8.66927      0.00000     0.00000
   3437.50000     315.61014      7.46894      0.00000     0.00000
   4062.50000     318.42691      6.48056      0.00000     0.00000
   4687.50000     321.37485      5.54465      0.00000     0.00000
   5312.50000     324.70874      4.60391      0.00000     0.00000
   5937.50000     328.09839      3.66192      0.00000     0.00000
   6562.50000     331.28632      2.80816      0.00000     0.00000
   7187.50000     334.30191      2.08547      0.00000     0.00000
   7812.50000     337.07809      1.49860      0.00000     0.00000
   8437.50000     339.55762      1.04631      0.00000     0.00000
   9062.50000     341.71597      0.71773      0.00000     0.00000
   9687.50000     343.53033      0.48450      0.00000     0.00000
   10312.50000     345.01349      0.32001      0.00000     0.00000
   10937.50000     346.27838      0.19899      0.00000     0.00000
   11562.50000     347.29935      0.11756      0.00000     0.00000
   12187.50000     348.17075      0.06687      0.00000     0.00000
   12812.50000     348.94467      0.03709      0.00000     0.00000
   13437.50000     349.60358      0.02047      0.00000     0.00000
   14062.50000     350.22131      0.01139      0.00000     0.00000
   14687.50000     351.83984      0.00649      0.00000     0.00000
   15312.50000     356.86288      0.00443      0.00000     0.00000
   15937.50000     366.66681      0.00426      0.00000     0.00000
   16562.50000     379.47528      0.00488      0.00000     0.00000
   17187.50000     389.15277      0.00504      0.00000     0.00000
   17812.50000     403.55756      0.00570      0.00000     0.00000
   18437.50000     418.08914      0.00662      0.00000     0.00000
   19062.50000     432.21854      0.00765      0.00000     0.00000
   19687.50000     445.99686      0.00882      0.00000     0.00000
   20312.50000     459.35086      0.01035      0.00000     0.00000
   20937.50000     473.66519      0.01249      0.00000     0.00000
   21562.50000     489.11301      0.01503      0.00000     0.00000
   22187.50000     505.13608      0.01734      0.00000     0.00000
   22812.50000     521.68683      0.01910      0.00000     0.00000
   23437.50000     538.78125      0.02050      0.00000     0.00000
   24062.50000     556.43488      0.02192      0.00000     0.00000
   24687.50000     574.66583      0.02342      0.00000     0.00000
   25312.50000     592.89679      0.02342      0.00000     0.00000
   25937.50000     611.12775      0.02342      0.00000     0.00000
   26562.50000     629.35870      0.02342      0.00000     0.00000
