   98092.94531     
   91324.26562     
   84946.15625     
   78943.47656     
   73297.57812     
   67989.60156     
   63002.99219     
   58323.10156     
   53935.60156     
   49825.83203     
   45978.14453     
   42375.97266     
   39004.10547     
   35848.91016     
   32896.96875     
   30135.88086     
   27554.61133     
   25143.32422     
   22893.14062     
   20794.91602     
   18842.29492     
   17029.34570     
   15351.34375     
   13806.87695     
   12388.95996     
   11097.91699     
   9938.06836     
   8904.06348     
   7985.26123     
   7168.00342     
   6438.40723     
   5783.81055     
   5195.59961     
   4665.94629     
   4187.81006     
   3756.58618     
   3367.88037     
   3017.64307     
   2702.19775     
   2418.12427     
