   97984.68750     
   91212.70312     
   84822.21094     
   78803.41406     
   73139.87500     
   67813.18750     
   62808.43750     
   58111.14844     
   53706.27734     
   49580.07812     
   45717.87891     
   42103.04297     
   38720.23438     
   35555.73828     
   32596.01758     
   29828.46875     
   27242.05078     
   24826.85352     
   22573.63086     
   20473.26953     
   18520.72461     
   16710.77344     
   15038.15234     
   13502.11523     
   12099.29688     
   10834.07129     
   9707.66895     
   8706.55371     
   7814.48779     
   7016.10352     
   6299.08105     
   5653.62598     
   5073.50391     
   4552.16895     
   4082.68604     
   3659.97485     
   3279.30298     
   2936.43677     
   2627.62695     
   2349.53125     
