   97942.73438     
   91079.31250     
   84593.04688     
   78486.26562     
   72744.82031     
   67348.93750     
   62285.10547     
   57538.67188     
   53089.96875     
   48922.13672     
   45020.38281     
   41367.69922     
   37947.96484     
   34747.56250     
   31754.08984     
   28956.26758     
   26343.77734     
   23907.51758     
   21639.08398     
   19530.79688     
   17575.55469     
   15765.77637     
   14094.33301     
   12554.85156     
   11140.93750     
   9846.15137     
   8664.41113     
   7590.38330     
   6620.45117     
   5753.41553     
   4988.12402     
   4319.31641     
   3739.10181     
   3233.95337     
   2788.66943     
   2393.83398     
   2043.48816     
   1732.40771     
   1458.69861     
   1220.79089     
   1015.08881     
   838.41748     
   689.83838     
   564.47107     
   458.97235     
   370.58099     
   296.87726     
   235.68657     
