   1015.10     299.11      18.57
   312.50000     299.10800     18.56635      0.00000     0.00000
   937.50000     302.26331     13.71329      0.00000     0.00000
   1562.50000     305.31766     11.08012      0.00000     0.00000
   2187.50000     308.31363      9.24293      0.00000     0.00000
   2812.50000     311.21420      7.76404      0.00000     0.00000
   3437.50000     314.01456      6.52970      0.00000     0.00000
   4062.50000     316.90259      5.46682      0.00000     0.00000
   4687.50000     319.91183      4.47734      0.00000     0.00000
   5312.50000     323.04785      3.52393      0.00000     0.00000
   5937.50000     326.22592      2.68186      0.00000     0.00000
   6562.50000     329.22815      1.96291      0.00000     0.00000
   7187.50000     331.88254      1.38700      0.00000     0.00000
   7812.50000     334.36169      0.96268      0.00000     0.00000
   8437.50000     336.58560      0.66060      0.00000     0.00000
   9062.50000     338.45966      0.45018      0.00000     0.00000
   9687.50000     340.05469      0.30382      0.00000     0.00000
   10312.50000     341.38187      0.19904      0.00000     0.00000
   10937.50000     342.52112      0.12305      0.00000     0.00000
   11562.50000     343.48077      0.07401      0.00000     0.00000
   12187.50000     343.99948      0.04356      0.00000     0.00000
   12812.50000     345.09995      0.02512      0.00000     0.00000
   13437.50000     345.90662      0.01393      0.00000     0.00000
   14062.50000     347.80295      0.00762      0.00000     0.00000
   14687.50000     351.10022      0.00435      0.00000     0.00000
   15312.50000     353.65265      0.00258      0.00000     0.00000
   15937.50000     362.24429      0.00221      0.00000     0.00000
   16562.50000     374.61282      0.00262      0.00000     0.00000
   17187.50000     389.62122      0.00351      0.00000     0.00000
   17812.50000     405.64175      0.00453      0.00000     0.00000
   18437.50000     421.34454      0.00522      0.00000     0.00000
   19062.50000     436.04691      0.00524      0.00000     0.00000
   19687.50000     448.92075      0.00451      0.00000     0.00000
   20312.50000     463.29099      0.00316      0.00000     0.00000
   20937.50000     475.00931      0.00159      0.00000     0.00000
   21562.50000     487.36838      0.00061      0.00000     0.00000
   22187.50000     500.18149      0.00074      0.00000     0.00000
   22812.50000     513.33569      0.00179      0.00000     0.00000
   23437.50000     526.83130      0.00297      0.00000     0.00000
   24062.50000     540.67920      0.00355      0.00000     0.00000
   24687.50000     554.52673      0.00354      0.00000     0.00000
   25312.50000     568.37427      0.00354      0.00000     0.00000
   25937.50000     582.22180      0.00354      0.00000     0.00000
   26562.50000     596.06934      0.00354      0.00000     0.00000
