   1015.10     1015.10     1015.10
   1015.10     295.99     295.99
   295.99     295.99      16.77
    16.77      16.77      16.77
   625.00000     299.36469     299.74973     296.97720    298.35635
   12.18379     15.88437     11.71695     15.58119     0.00000
    0.00000     1875.00000     306.21533     306.74731    303.92966
   305.96381      7.86078      8.44176      6.21985     9.42301
    0.00000      0.00000     3125.00000     312.35263    312.69891
   310.03406     312.35324      5.92644      5.64175     3.85789
    5.76009      0.00000      0.00000     4375.00000    319.01285
   319.21573     317.47916     319.72516      4.02162     4.12694
    2.42985      3.48856      0.00000      0.00000    5625.00000
   323.67633     323.86777     324.89624     325.95056     2.32594
    2.60742      1.84290      1.97946      0.00000     0.00000
   6875.00000     330.05945     330.29883     333.88580    332.91354
    1.22908      1.50098      1.22946      1.10566     0.00000
    0.00000     8125.00000     335.01007     335.21741    341.54688
   338.97678      0.60090      0.74083      0.65739     0.60989
    0.00000      0.00000     9375.00000     339.12634    339.33069
   347.71838     345.09769      0.33227      0.35511     0.29433
    0.37513      0.00000      0.00000     10625.00000    342.39081
   342.64447     352.21616     350.72192      0.17074     0.17308
    0.20248      0.28308      0.00000      0.00000    11875.00000
   345.31747     345.64062     356.19693     355.71811     0.06654
    0.07017      0.15551      0.18865      0.00000     0.00000
   13125.00000     348.40240     348.71182     362.53381    361.93777
    0.02055      0.02327      0.07190      0.07708     0.00000
    0.00000     14375.00000     355.58551     355.70190    377.09476
   376.64120      0.00676      0.00919      0.01545     0.01304
    0.00000      0.00000     15625.00000     369.53537    369.45505
   398.03455     396.72070      0.00409      0.00691     0.00266
    0.00235      0.00000      0.00000     16875.00000    392.76663
   392.67953     420.41882     417.69827      0.00547     0.00881
    0.00263      0.00559      0.00000      0.00000    18125.00000
   424.50208     424.40308     444.01047     440.38995     0.00805
    0.01530      0.00662      0.01542      0.00000     0.00000
   19375.00000     458.81616     458.80502     467.88388    465.09729
    0.01168      0.02389      0.01234      0.02478     0.00000
    0.00000     20625.00000     496.57971     496.57748    496.67691
   496.59082      0.01853      0.03306      0.02040     0.03320
    0.00000      0.00000     21875.00000     536.50085    536.50165
   536.47546     536.47009      0.03033      0.04473     0.03299
    0.04228      0.00000      0.00000     23125.00000    574.59973
   574.59961     574.57855     574.57635      0.04335     0.05405
    0.04464      0.04861      0.00000      0.00000    24375.00000
   610.89996     610.89996     610.87311     610.87244     0.05666
    0.05999      0.05460      0.05205      0.00000     0.00000
   25625.00000     647.20001     647.20001     647.20001    647.20001
    0.00000      0.00000      0.00000      0.00000     0.00000
    0.00000     40000.00000     1064.65002     1064.65002    1064.65002
   1064.65002      0.00000      0.00000      0.00000     0.00000
    0.00000      0.00000     