   97939.31250     
   91071.71875     
   84583.15625     
   78476.06250     
   72734.46875     
   67338.29688     
   62274.92188     
   57529.67578     
   53082.51172     
   48916.53906     
   45016.80469     
   41366.44531     
   37949.64844     
   34752.86328     
   31763.49609     
   28970.06836     
   26362.24609     
   23930.95703     
   21668.00195     
   19565.66406     
   17624.00391     
   15847.50195     
   14236.32227     
   12781.78125     
   11465.78320     
   10278.44434     
   9213.88379     
   8259.75977     
   7404.47607     
   6637.01709     
   5948.08447     
   5329.42676     
   4774.54492     
   4276.81299     
   3829.33081     
   3426.85205     
   3064.68506     
   2738.73999     
   2445.44287     
   2181.61011     
