   1015.10     299.45      19.37
   312.50000     299.45197     19.37293      0.00000     0.00000
   937.50000     302.63031     15.05298      0.00000     0.00000
   1562.50000     305.70200     12.03370      0.00000     0.00000
   2187.50000     308.80539      9.90714      0.00000     0.00000
   2812.50000     311.73895      8.37586      0.00000     0.00000
   3437.50000     314.55240      7.16292      0.00000     0.00000
   4062.50000     317.44089      6.11033      0.00000     0.00000
   4687.50000     320.39926      5.10985      0.00000     0.00000
   5312.50000     323.63974      4.14828      0.00000     0.00000
   5937.50000     326.97089      3.26446      0.00000     0.00000
   6562.50000     330.10333      2.46845      0.00000     0.00000
   7187.50000     332.92911      1.80321      0.00000     0.00000
   7812.50000     335.59436      1.28132      0.00000     0.00000
   8437.50000     337.98380      0.89033      0.00000     0.00000
   9062.50000     339.99731      0.60740      0.00000     0.00000
   9687.50000     341.68124      0.40847      0.00000     0.00000
   10312.50000     343.09415      0.26745      0.00000     0.00000
   10937.50000     344.27557      0.16263      0.00000     0.00000
   11562.50000     345.23187      0.09664      0.00000     0.00000
   12187.50000     345.75031      0.05598      0.00000     0.00000
   12812.50000     346.88803      0.03161      0.00000     0.00000
   13437.50000     347.49973      0.01682      0.00000     0.00000
   14062.50000     348.47552      0.00871      0.00000     0.00000
   14687.50000     350.46448      0.00461      0.00000     0.00000
   15312.50000     351.49698      0.00247      0.00000     0.00000
   15937.50000     359.03378      0.00195      0.00000     0.00000
   16562.50000     371.27829      0.00232      0.00000     0.00000
   17187.50000     386.94162      0.00341      0.00000     0.00000
   17812.50000     403.91348      0.00492      0.00000     0.00000
   18437.50000     420.33377      0.00623      0.00000     0.00000
   19062.50000     435.24643      0.00679      0.00000     0.00000
   19687.50000     448.27432      0.00636      0.00000     0.00000
   20312.50000     463.40787      0.00495      0.00000     0.00000
   20937.50000     476.04779      0.00287      0.00000     0.00000
   21562.50000     489.01706      0.00104      0.00000     0.00000
   22187.50000     502.16208      0.00038      0.00000     0.00000
   22812.50000     515.40021      0.00101      0.00000     0.00000
   23437.50000     528.76434      0.00238      0.00000     0.00000
   24062.50000     542.28339      0.00374      0.00000     0.00000
   24687.50000     555.98956      0.00502      0.00000     0.00000
   25312.50000     569.69574      0.00502      0.00000     0.00000
   25937.50000     583.40192      0.00502      0.00000     0.00000
   26562.50000     597.10809      0.00502      0.00000     0.00000
