   1015.10     299.07      18.33
   312.50000     299.06903     18.32837      0.00000     0.00000
   937.50000     302.18585     11.95041      0.00000     0.00000
   1562.50000     305.59079      9.00384      0.00000     0.00000
   2187.50000     308.62811      7.51281      0.00000     0.00000
   2812.50000     311.50674      6.47671      0.00000     0.00000
   3437.50000     314.33569      5.54570      0.00000     0.00000
   4062.50000     317.30209      4.63040      0.00000     0.00000
   4687.50000     320.39670      3.72771      0.00000     0.00000
   5312.50000     323.60635      2.91586      0.00000     0.00000
   5937.50000     326.85251      2.25138      0.00000     0.00000
   6562.50000     329.95709      1.64113      0.00000     0.00000
   7187.50000     332.75974      1.14560      0.00000     0.00000
   7812.50000     335.38196      0.80225      0.00000     0.00000
   8437.50000     337.72940      0.56940      0.00000     0.00000
   9062.50000     339.74734      0.40805      0.00000     0.00000
   9687.50000     341.54596      0.28890      0.00000     0.00000
   10312.50000     343.13681      0.20043      0.00000     0.00000
   10937.50000     344.61096      0.13313      0.00000     0.00000
   11562.50000     345.98453      0.08548      0.00000     0.00000
   12187.50000     347.05026      0.05358      0.00000     0.00000
   12812.50000     348.80365      0.03290      0.00000     0.00000
   13437.50000     350.12274      0.02049      0.00000     0.00000
   14062.50000     352.19168      0.01268      0.00000     0.00000
   14687.50000     355.27765      0.00765      0.00000     0.00000
   15312.50000     358.73804      0.00488      0.00000     0.00000
   15937.50000     368.71786      0.00431      0.00000     0.00000
   16562.50000     380.61029      0.00432      0.00000     0.00000
   17187.50000     393.04037      0.00400      0.00000     0.00000
   17812.50000     405.48434      0.00323      0.00000     0.00000
   18437.50000     418.46207      0.00246      0.00000     0.00000
   19062.50000     432.56131      0.00208      0.00000     0.00000
   19687.50000     446.65289      0.00198      0.00000     0.00000
   20312.50000     462.80881      0.00192      0.00000     0.00000
   20937.50000     474.98621      0.00180      0.00000     0.00000
   21562.50000     487.38080      0.00170      0.00000     0.00000
   22187.50000     500.18979      0.00181      0.00000     0.00000
   22812.50000     513.33923      0.00214      0.00000     0.00000
   23437.50000     526.83282      0.00262      0.00000     0.00000
   24062.50000     540.67987      0.00306      0.00000     0.00000
   24687.50000     554.52692      0.00352      0.00000     0.00000
   25312.50000     568.37396      0.00352      0.00000     0.00000
   25937.50000     582.22101      0.00352      0.00000     0.00000
   26562.50000     596.06805      0.00352      0.00000     0.00000
