   1015.10     295.90      16.77
   625.00000     299.90359     17.17386      0.00000     0.00000
   1875.00000     308.12268     11.83758      0.00000     0.00000
   3125.00000     314.33469      7.44961      0.00000     0.00000
   4375.00000     320.69940      5.11323      0.00000     0.00000
   5625.00000     326.39087      3.52827      0.00000     0.00000
   6875.00000     332.51785      2.08586      0.00000     0.00000
   8125.00000     337.75479      0.95765      0.00000     0.00000
   9375.00000     342.02448      0.37827      0.00000     0.00000
   10625.00000     345.22827      0.20035      0.00000     0.00000
   11875.00000     348.68958      0.12570      0.00000     0.00000
   13125.00000     358.60327      0.08255      0.00000     0.00000
   14375.00000     378.19006      0.06178      0.00000     0.00000
   15625.00000     399.69360      0.04702      0.00000     0.00000
   16875.00000     422.01349      0.03224      0.00000     0.00000
   18125.00000     446.47394      0.01711      0.00000     0.00000
   19375.00000     471.24197      0.00653      0.00000     0.00000
   20625.00000     496.73907      0.00432      0.00000     0.00000
   21875.00000     536.48175      0.01024      0.00000     0.00000
   23125.00000     574.58301      0.02340      0.00000     0.00000
   24375.00000     610.87592      0.04353      0.00000     0.00000
   25625.00000     647.20001      0.00000      0.00000     0.00000
   40000.00000     1064.65002      0.00000      0.00000     0.00000
