   1015.00     323.62      19.24
   312.50000     325.26861     20.84832      0.00000     0.00000
   937.50000     329.90589     20.53208      0.00000     0.00000
   1562.50000     334.64001     10.10696      0.00000     0.00000
   2187.50000     339.51374      9.95175      0.00000     0.00000
   2812.50000     344.49011      9.79547      0.00000     0.00000
   3437.50000     349.57167      9.63814      0.00000     0.00000
   4062.50000     354.76105      9.47976      0.00000     0.00000
   4687.50000     360.06094      9.32034      0.00000     0.00000
   5312.50000     365.47411      9.15990      0.00000     0.00000
   5937.50000     371.00341      8.99844      0.00000     0.00000
   6562.50000     376.65177      8.83599      0.00000     0.00000
   7187.50000     382.42218      8.67255      0.00000     0.00000
   7812.50000     388.31772      8.50814      0.00000     0.00000
   8437.50000     394.34156      8.34277      0.00000     0.00000
   9062.50000     400.49695      8.17647      0.00000     0.00000
   9687.50000     406.78722      8.00924      0.00000     0.00000
   10312.50000     413.21579      7.84111      0.00000     0.00000
   10937.50000     419.78616      7.67210      0.00000     0.00000
   11562.50000     426.50192      7.50222      0.00000     0.00000
   12187.50000     433.36677      7.33150      0.00000     0.00000
   12812.50000     440.38448      7.15996      0.00000     0.00000
   13437.50000     447.55890      6.98763      0.00000     0.00000
   14062.50000     454.89399      6.81453      0.00000     0.00000
   14687.50000     462.39379      6.64069      0.00000     0.00000
   15312.50000     470.06242      6.46613      0.00000     0.00000
   15937.50000     477.90410      6.29089      0.00000     0.00000
   16562.50000     485.92312      6.11500      0.00000     0.00000
   17187.50000     494.12384      5.93850      0.00000     0.00000
   17812.50000     502.51072      5.76142      0.00000     0.00000
   18437.50000     511.08825      5.58379      0.00000     0.00000
   19062.50000     519.86100      5.40567      0.00000     0.00000
   19687.50000     528.83357      5.22710      0.00000     0.00000
   20312.50000     538.01060      5.04811      0.00000     0.00000
   20937.50000     547.39674      4.86878      0.00000     0.00000
   21562.50000     556.99663      4.68914      0.00000     0.00000
   22187.50000     566.81488      4.50926      0.00000     0.00000
   22812.50000     576.85604      4.32920      0.00000     0.00000
   23437.50000     587.12455      4.14904      0.00000     0.00000
   24062.50000     597.62469      3.96884      0.00000     0.00000
   24687.50000     608.36056      3.78869      0.00000     0.00000
   25312.50000     619.33593      3.60868      0.00000     0.00000
   25937.50000     630.55425      3.42892      0.00000     0.00000
   26562.50000     642.01844      3.24950      0.00000     0.00000
   27187.50000     653.73084      3.07055      0.00000     0.00000
   27812.50000     665.69297      2.89222      0.00000     0.00000
   28437.50000     677.90536      2.71464      0.00000     0.00000
   29062.50000     690.36723      2.53800      0.00000     0.00000
   29687.50000     703.07621      2.36249      0.00000     0.00000
   30312.50000     716.02783      2.18834      0.00000     0.00000
   30937.50000     729.21499      2.01581      0.00000     0.00000
   31562.50000     742.62718      1.84520      0.00000     0.00000
   32187.50000     756.24958      1.67687      0.00000     0.00000
   32812.50000     770.06171      1.51123      0.00000     0.00000
   33437.50000     784.03578      1.34879      0.00000     0.00000
   34062.50000     798.13442      1.19015      0.00000     0.00000
   34687.50000     812.30771      1.03603      0.00000     0.00000
   35312.50000     826.48911      0.88731      0.00000     0.00000
   35937.50000     840.59023      0.74508      0.00000     0.00000
   36562.50000     854.49400      0.61065      0.00000     0.00000
   37187.50000     868.04647      0.48561      0.00000     0.00000
   37812.50000     881.04830      0.37186      0.00000     0.00000
   38437.50000     893.24934      0.27151      0.00000     0.00000
   39062.50000     904.35464      0.18673      0.00000     0.00000
   39687.50000     914.05733      0.11926      0.00000     0.00000
   40312.50000     922.11560      0.06974      0.00000     0.00000
   40937.50000     932.72633      0.04248      0.00000     0.00000
   41562.50000     963.28331      0.04757      0.00000     0.00000
   42187.50000     994.84125      0.05326      0.00000     0.00000
   42812.50000     1027.43293      0.05964      0.00000     0.00000
   43437.50000     1061.09221      0.06678      0.00000     0.00000
   44062.50000     1095.85401      0.07477      0.00000     0.00000
   44687.50000     1131.75444      0.08373      0.00000     0.00000
   45312.50000     1168.83076      0.09375      0.00000     0.00000
   45937.50000     1207.12145      0.10499      0.00000     0.00000
   46562.50000     1246.66624      0.11756      0.00000     0.00000
   47187.50000     1287.50617      0.13165      0.00000     0.00000
   47812.50000     1329.68360      0.14743      0.00000     0.00000
   48437.50000     1373.24227      0.16511      0.00000     0.00000
   49062.50000     1418.22734      0.18491      0.00000     0.00000
   49687.50000     1464.68545      0.20709      0.00000     0.00000
   50312.50000     1512.66472      0.23195      0.00000     0.00000
