   98067.35156     
   91265.78125     
   84843.66406     
   78797.15625     
   73109.64062     
   67761.23438     
   62736.87109     
   58023.23828     
   53604.67188     
   49465.76172     
   45591.44141     
   41965.18750     
   38571.40625     
   35396.33203     
   32426.53125     
   29649.69531     
   27054.94336     
   24632.57617     
   22373.68945     
   20269.44141     
   18315.35156     
   16508.17773     
   14845.96973     
   13329.14160     
   11952.57617     
   10716.41797     
   9615.97754     
   8634.60254     
   7756.30713     
   6967.88916     
   6258.75439     
   5620.18750     
   5046.85986     
   4532.59131     
   4070.70483     
   3656.33960     
   3284.51025     
   2950.57349     
   2650.56348     
   2381.06592     
