   1015.10     298.99      20.12
   625.00000     301.36337     17.68250      0.00000     0.00000
   1875.00000     311.11200     11.62143      0.00000     0.00000
   3125.00000     318.86511      6.24689      0.00000     0.00000
   4375.00000     325.58295      4.33429      0.00000     0.00000
   5625.00000     331.43600      2.95656      0.00000     0.00000
   6875.00000     338.37048      1.72548      0.00000     0.00000
   8125.00000     344.47986      1.03711      0.00000     0.00000
   9375.00000     349.95911      0.59018      0.00000     0.00000
   10625.00000     354.29776      0.32580      0.00000     0.00000
   11875.00000     357.74527      0.20832      0.00000     0.00000
   13125.00000     362.80405      0.08723      0.00000     0.00000
   14375.00000     377.69061      0.01303      0.00000     0.00000
   15625.00000     399.57648      0.00036      0.00000     0.00000
   16875.00000     422.29486      0.00022      0.00000     0.00000
   18125.00000     446.62146      0.00050      0.00000     0.00000
   19375.00000     471.13730      0.00289      0.00000     0.00000
   20625.00000     496.71677      0.00769      0.00000     0.00000
   21875.00000     536.48126      0.01538      0.00000     0.00000
   23125.00000     574.57953      0.02707      0.00000     0.00000
   24375.00000     610.86719      0.04536      0.00000     0.00000
   25625.00000     647.20001      0.00000      0.00000     0.00000
   40000.00000     1064.65002      0.00000      0.00000     0.00000
