   97975.32031     
   91180.11719     
   84764.11719     
   78723.35156     
   73041.26562     
   67697.94531     
   62678.44922     
   57969.42578     
   53555.33203     
   49420.68750     
   45550.46875     
   41928.15625     
   38538.16406     
   35366.71875     
   32400.42578     
   29627.00586     
   27035.53906     
   24616.35352     
   22360.54297     
   20259.22461     
   18308.13477     
   16504.06445     
   14844.93457     
   13329.86035     
   11951.51562     
   10709.35938     
   9600.86621     
   8611.80176     
   7727.79053     
   6935.72998     
   6224.44727     
   5584.47314     
   5009.07471     
   4491.65967     
   4025.44702     
   3605.56104     
   3227.55762     
   2887.37256     
   2581.34424     
   2306.16040     
