   1015.00     298.73      17.95
   312.50000     300.29481     19.45593      0.00000     0.00000
   937.50000     304.33381     18.28341      0.00000     0.00000
   1562.50000     308.43150      6.41996      0.00000     0.00000
   2187.50000     312.62899      5.99056      0.00000     0.00000
   2812.50000     316.87825      5.56520      0.00000     0.00000
   3437.50000     321.17485      5.14459      0.00000     0.00000
   4062.50000     325.51316      4.72953      0.00000     0.00000
   4687.50000     329.88614      4.32093      0.00000     0.00000
   5312.50000     334.28500      3.91985      0.00000     0.00000
   5937.50000     338.69883      3.52751      0.00000     0.00000
   6562.50000     343.11416      3.14534      0.00000     0.00000
   7187.50000     347.51436      2.77495      0.00000     0.00000
   7812.50000     351.87901      2.41822      0.00000     0.00000
   8437.50000     356.18321      2.07734      0.00000     0.00000
   9062.50000     360.39679      1.75474      0.00000     0.00000
   9687.50000     364.48374      1.45320      0.00000     0.00000
   10312.50000     368.40193      1.17570      0.00000     0.00000
   10937.50000     372.10368      0.92536      0.00000     0.00000
   11562.50000     375.53780      0.70513      0.00000     0.00000
   12187.50000     378.65395      0.51746      0.00000     0.00000
   12812.50000     381.40992      0.36371      0.00000     0.00000
   13437.50000     383.78123      0.24358      0.00000     0.00000
   14062.50000     385.77057      0.15478      0.00000     0.00000
   14687.50000     387.41235      0.09303      0.00000     0.00000
   15312.50000     388.76853      0.05281      0.00000     0.00000
   15937.50000     389.91621      0.02828      0.00000     0.00000
   16562.50000     390.93269      0.01427      0.00000     0.00000
   17187.50000     391.88444      0.00677      0.00000     0.00000
   17812.50000     392.82262      0.00301      0.00000     0.00000
   18437.50000     393.78398      0.00125      0.00000     0.00000
   19062.50000     394.79424      0.00048      0.00000     0.00000
   19687.50000     395.87203      0.00017      0.00000     0.00000
   20312.50000     397.03221      0.00005      0.00000     0.00000
   20937.50000     398.28828      0.00002      0.00000     0.00000
   21562.50000     399.65412      0.00000      0.00000     0.00000
   22187.50000     401.14521      0.00000      0.00000     0.00000
   22812.50000     413.94802      0.00000      0.00000     0.00000
   23437.50000     432.50156      0.00000      0.00000     0.00000
   24062.50000     451.88669      0.00000      0.00000     0.00000
   24687.50000     472.14068      0.00000      0.00000     0.00000
   25312.50000     493.30247      0.00000      0.00000     0.00000
   25937.50000     515.41276      0.00000      0.00000     0.00000
   26562.50000     538.51405      0.00000      0.00000     0.00000
   27187.50000     562.65076      0.00000      0.00000     0.00000
   27812.50000     587.86930      0.00000      0.00000     0.00000
   28437.50000     614.21816      0.00000      0.00000     0.00000
   29062.50000     641.74800      0.00000      0.00000     0.00000
   29687.50000     670.51175      0.00000      0.00000     0.00000
   30312.50000     700.56472      0.00000      0.00000     0.00000
   30937.50000     731.96470      0.00000      0.00000     0.00000
   31562.50000     764.77205      0.00000      0.00000     0.00000
   32187.50000     799.04986      0.00001      0.00000     0.00000
   32812.50000     834.86403      0.00001      0.00000     0.00000
   33437.50000     872.28343      0.00001      0.00000     0.00000
   34062.50000     911.38000      0.00001      0.00000     0.00000
   34687.50000     952.22891      0.00001      0.00000     0.00000
   35312.50000     994.90871      0.00001      0.00000     0.00000
   35937.50000     1039.50147      0.00001      0.00000     0.00000
   36562.50000     1086.09291      0.00002      0.00000     0.00000
   37187.50000     1134.77262      0.00002      0.00000     0.00000
   37812.50000     1185.63420      0.00002      0.00000     0.00000
   38437.50000     1238.77545      0.00003      0.00000     0.00000
   39062.50000     1294.29854      0.00003      0.00000     0.00000
   39687.50000     1352.31023      0.00004      0.00000     0.00000
   40312.50000     1412.92205      0.00004      0.00000     0.00000
   40937.50000     1476.25056      0.00005      0.00000     0.00000
   41562.50000     1542.41751      0.00006      0.00000     0.00000
   42187.50000     1611.55012      0.00007      0.00000     0.00000
   42812.50000     1683.78132      0.00008      0.00000     0.00000
   43437.50000     1759.24999      0.00009      0.00000     0.00000
   44062.50000     1838.10124      0.00010      0.00000     0.00000
   44687.50000     1920.48668      0.00012      0.00000     0.00000
   45312.50000     2006.56470      0.00014      0.00000     0.00000
   45937.50000     2096.50083      0.00017      0.00000     0.00000
   46562.50000     2190.46797      0.00019      0.00000     0.00000
   47187.50000     2288.64681      0.00022      0.00000     0.00000
   47812.50000     2391.22611      0.00026      0.00000     0.00000
   48437.50000     2498.40312      0.00031      0.00000     0.00000
   49062.50000     2610.38389      0.00036      0.00000     0.00000
   49687.50000     2727.38374      0.00042      0.00000     0.00000
   50312.50000     2849.62763      0.00048      0.00000     0.00000
