   98088.73438     
   91322.67969     
   84947.21875     
   78946.72656     
   73302.73438     
   67996.46094     
   63011.25781     
   58332.52344     
   53946.09766     
   49837.57422     
   45991.43750     
   42391.01562     
   39021.03906     
   35867.90234     
   32918.19141     
   30159.48242     
   27580.62695     
   25171.61914     
   22923.42969     
   20826.83203     
   18875.39453     
   17063.08008     
   15384.98145     
   13839.39453     
   12419.48633     
   11126.43848     
   9965.14453     
   8930.04395     
   8010.03174     
   7191.22656     
   6459.89697     
   5803.61182     
   5213.86182     
   4682.82910     
   4203.43750     
   3771.04810     
   3381.25732     
   3030.01123     
   2713.62793     
   2428.68335     
