   1015.00     308.69      32.56
   312.50000     310.04073     34.75383      0.00000     0.00000
   937.50000     314.34861     33.46788      0.00000     0.00000
   1562.50000     318.74138     12.06866      0.00000     0.00000
   2187.50000     323.29938     11.59800      0.00000     0.00000
   2812.50000     327.94501     11.12724      0.00000     0.00000
   3437.50000     332.67925     10.65657      0.00000     0.00000
   4062.50000     337.50291     10.18621      0.00000     0.00000
   4687.50000     342.41664      9.71640      0.00000     0.00000
   5312.50000     347.42084      9.24739      0.00000     0.00000
   5937.50000     352.51562      8.77948      0.00000     0.00000
   6562.50000     357.70078      8.31301      0.00000     0.00000
   7187.50000     362.97564      7.84832      0.00000     0.00000
   7812.50000     368.33907      7.38584      0.00000     0.00000
   8437.50000     373.78925      6.92604      0.00000     0.00000
   9062.50000     379.32364      6.46942      0.00000     0.00000
   9687.50000     384.93872      6.01660      0.00000     0.00000
   10312.50000     390.62981      5.56824      0.00000     0.00000
   10937.50000     396.39083      5.12515      0.00000     0.00000
   11562.50000     402.21390      4.68822      0.00000     0.00000
   12187.50000     408.08896      4.25850      0.00000     0.00000
   12812.50000     414.00324      3.83722      0.00000     0.00000
   13437.50000     419.94059      3.42579      0.00000     0.00000
   14062.50000     425.88065      3.02589      0.00000     0.00000
   14687.50000     431.79788      2.63948      0.00000     0.00000
   15312.50000     437.66033      2.26885      0.00000     0.00000
   15937.50000     443.42828      1.91666      0.00000     0.00000
   16562.50000     449.05286      1.58599      0.00000     0.00000
   17187.50000     454.47488      1.28029      0.00000     0.00000
   17812.50000     459.62455      1.00331      0.00000     0.00000
   18437.50000     464.42321      0.75884      0.00000     0.00000
   19062.50000     468.78877      0.55026      0.00000     0.00000
   19687.50000     472.64661      0.37985      0.00000     0.00000
   20312.50000     475.94644      0.24792      0.00000     0.00000
   20937.50000     478.68122      0.15213      0.00000     0.00000
   21562.50000     480.89887      0.08744      0.00000     0.00000
   22187.50000     482.69672      0.04700      0.00000     0.00000
   22812.50000     484.19826      0.02361      0.00000     0.00000
   23437.50000     485.52476      0.01108      0.00000     0.00000
   24062.50000     486.77581      0.00485      0.00000     0.00000
   24687.50000     488.02381      0.00197      0.00000     0.00000
   25312.50000     489.31777      0.00074      0.00000     0.00000
   25937.50000     490.69058      0.00025      0.00000     0.00000
   26562.50000     492.16591      0.00008      0.00000     0.00000
   27187.50000     493.76332      0.00002      0.00000     0.00000
   27812.50000     495.50172      0.00001      0.00000     0.00000
   28437.50000     497.56156      0.00000      0.00000     0.00000
   29062.50000     519.86275      0.00000      0.00000     0.00000
   29687.50000     543.16349      0.00000      0.00000     0.00000
   30312.50000     567.50859      0.00000      0.00000     0.00000
   30937.50000     592.94486      0.00000      0.00000     0.00000
   31562.50000     619.52121      0.00000      0.00000     0.00000
   32187.50000     647.28874      0.00000      0.00000     0.00000
   32812.50000     676.30084      0.00000      0.00000     0.00000
   33437.50000     706.61328      0.00000      0.00000     0.00000
   34062.50000     738.28436      0.00000      0.00000     0.00000
   34687.50000     771.37496      0.00000      0.00000     0.00000
   35312.50000     805.94872      0.00001      0.00000     0.00000
   35937.50000     842.07211      0.00001      0.00000     0.00000
   36562.50000     879.81458      0.00001      0.00000     0.00000
   37187.50000     919.24870      0.00001      0.00000     0.00000
   37812.50000     960.45030      0.00001      0.00000     0.00000
   38437.50000     1003.49859      0.00001      0.00000     0.00000
   39062.50000     1048.47635      0.00001      0.00000     0.00000
   39687.50000     1095.47005      0.00002      0.00000     0.00000
   40312.50000     1144.57006      0.00002      0.00000     0.00000
   40937.50000     1195.87077      0.00002      0.00000     0.00000
   41562.50000     1249.47083      0.00003      0.00000     0.00000
   42187.50000     1305.47330      0.00003      0.00000     0.00000
   42812.50000     1363.98585      0.00004      0.00000     0.00000
   43437.50000     1425.12099      0.00004      0.00000     0.00000
   44062.50000     1488.99626      0.00005      0.00000     0.00000
   44687.50000     1555.73448      0.00006      0.00000     0.00000
   45312.50000     1625.46397      0.00007      0.00000     0.00000
   45937.50000     1698.31881      0.00008      0.00000     0.00000
   46562.50000     1774.43906      0.00009      0.00000     0.00000
   47187.50000     1853.97110      0.00011      0.00000     0.00000
   47812.50000     1937.06784      0.00013      0.00000     0.00000
   48437.50000     2023.88905      0.00015      0.00000     0.00000
   49062.50000     2114.60166      0.00017      0.00000     0.00000
   49687.50000     2209.38010      0.00020      0.00000     0.00000
   50312.50000     2308.40660      0.00023      0.00000     0.00000
