   1015.10     298.22      17.11
   312.50000     298.22440     17.11271      0.00000     0.00000
   937.50000     300.28137     12.60084      0.00000     0.00000
   1562.50000     302.83704     10.47598      0.00000     0.00000
   2187.50000     305.60361      9.29885      0.00000     0.00000
   2812.50000     308.21646      7.96039      0.00000     0.00000
   3437.50000     310.76566      6.69561      0.00000     0.00000
   4062.50000     313.53192      5.69689      0.00000     0.00000
   4687.50000     316.42490      4.75268      0.00000     0.00000
   5312.50000     319.26895      3.80229      0.00000     0.00000
   5937.50000     322.14859      2.96509      0.00000     0.00000
   6562.50000     324.89706      2.24825      0.00000     0.00000
   7187.50000     327.26108      1.63861      0.00000     0.00000
   7812.50000     329.41022      1.15415      0.00000     0.00000
   8437.50000     331.27905      0.78854      0.00000     0.00000
   9062.50000     332.77530      0.51951      0.00000     0.00000
   9687.50000     333.99896      0.32331      0.00000     0.00000
   10312.50000     334.97119      0.18829      0.00000     0.00000
   10937.50000     335.77460      0.10552      0.00000     0.00000
   11562.50000     336.37927      0.05630      0.00000     0.00000
   12187.50000     336.68195      0.02960      0.00000     0.00000
   12812.50000     338.12540      0.01664      0.00000     0.00000
   13437.50000     339.97791      0.00919      0.00000     0.00000
   14062.50000     344.00275      0.00571      0.00000     0.00000
   14687.50000     350.42487      0.00426      0.00000     0.00000
   15312.50000     357.77972      0.00351      0.00000     0.00000
   15937.50000     371.76810      0.00471      0.00000     0.00000
   16562.50000     386.51248      0.00646      0.00000     0.00000
   17187.50000     400.65271      0.00731      0.00000     0.00000
   17812.50000     413.92480      0.00668      0.00000     0.00000
   18437.50000     426.62073      0.00486      0.00000     0.00000
   19062.50000     438.99731      0.00262      0.00000     0.00000
   19687.50000     451.26926      0.00083      0.00000     0.00000
   20312.50000     466.96689      0.00004      0.00000     0.00000
   20937.50000     481.05045      0.00022      0.00000     0.00000
   21562.50000     496.50003      0.00111      0.00000     0.00000
   22187.50000     512.69476      0.00229      0.00000     0.00000
   22812.50000     528.98334      0.00323      0.00000     0.00000
   23437.50000     545.38324      0.00371      0.00000     0.00000
   24062.50000     562.31677      0.00380      0.00000     0.00000
   24687.50000     579.88513      0.00353      0.00000     0.00000
   25312.50000     597.45349      0.00353      0.00000     0.00000
   25937.50000     615.02185      0.00353      0.00000     0.00000
   26562.50000     632.59021      0.00353      0.00000     0.00000
   40000.00000     1064.65002      0.00000      0.00000     0.00000
