   97965.41406     
   91200.28906     
   84825.84375     
   78830.44531     
   73192.86719     
   67893.91406     
   62917.05469     
   58247.54297     
   53870.96875     
   49772.66797     
   45937.06250     
   42347.64453     
   38989.09766     
   35847.47266     
   32909.16406     
   30161.88867     
   27594.74023     
   25197.91016     
   22962.52344     
   20879.61328     
   18942.90625     
   17145.71484     
   15481.54980     
   13946.98633     
   12536.91406     
   11254.97852     
   10102.77148     
   9069.54980     
   8142.70215     
   7310.97852     
   6565.32812     
   5897.00586     
   5298.63525     
   4761.07617     
   4275.88232     
   3838.10815     
   3443.30493     
   3087.39526     
   2766.67578     
   2477.70093     
