   1015.10     299.09      18.33
   312.50000     299.08655     18.33447      0.00000     0.00000
   937.50000     302.85919     11.32121      0.00000     0.00000
   1562.50000     306.37793      8.28816      0.00000     0.00000
   2187.50000     309.50986      6.86428      0.00000     0.00000
   2812.50000     312.43710      6.24408      0.00000     0.00000
   3437.50000     315.40677      5.41722      0.00000     0.00000
   4062.50000     318.52225      4.39491      0.00000     0.00000
   4687.50000     321.74704      3.35978      0.00000     0.00000
   5312.50000     325.07214      2.50874      0.00000     0.00000
   5937.50000     328.44324      1.94413      0.00000     0.00000
   6562.50000     331.62085      1.46862      0.00000     0.00000
   7187.50000     334.47971      1.06568      0.00000     0.00000
   7812.50000     337.19302      0.76523      0.00000     0.00000
   8437.50000     339.64987      0.54851      0.00000     0.00000
   9062.50000     341.76779      0.39885      0.00000     0.00000
   9687.50000     343.65182      0.29370      0.00000     0.00000
   10312.50000     345.30664      0.21414      0.00000     0.00000
   10937.50000     346.83548      0.14609      0.00000     0.00000
   11562.50000     348.28387      0.09276      0.00000     0.00000
   12187.50000     349.46786      0.05824      0.00000     0.00000
   12812.50000     351.31906      0.03603      0.00000     0.00000
   13437.50000     352.67404      0.02226      0.00000     0.00000
   14062.50000     354.64099      0.01437      0.00000     0.00000
   14687.50000     357.15170      0.00940      0.00000     0.00000
   15312.50000     359.57858      0.00585      0.00000     0.00000
   15937.50000     368.35318      0.00445      0.00000     0.00000
   16562.50000     379.45294      0.00425      0.00000     0.00000
   17187.50000     392.06830      0.00425      0.00000     0.00000
   17812.50000     404.89481      0.00399      0.00000     0.00000
   18437.50000     417.91910      0.00351      0.00000     0.00000
   19062.50000     431.56219      0.00298      0.00000     0.00000
   19687.50000     445.61948      0.00245      0.00000     0.00000
   20312.50000     462.44272      0.00191      0.00000     0.00000
   20937.50000     474.92999      0.00137      0.00000     0.00000
   21562.50000     487.38461      0.00116      0.00000     0.00000
   22187.50000     500.19009      0.00156      0.00000     0.00000
   22812.50000     513.33875      0.00246      0.00000     0.00000
   23437.50000     526.83240      0.00333      0.00000     0.00000
   24062.50000     540.67969      0.00365      0.00000     0.00000
   24687.50000     554.52679      0.00348      0.00000     0.00000
   25312.50000     568.37390      0.00348      0.00000     0.00000
   25937.50000     582.22101      0.00348      0.00000     0.00000
   26562.50000     596.06812      0.00348      0.00000     0.00000
