   1015.10     295.99      16.77
   625.00000     298.45071     301.39041     301.36337    14.53152   625.00000     298.45071     301.39041     301.36337    14.53152
   17.73282     17.68250      0.00000      0.00000    1875.00000
   307.68893     311.07303     311.11200      8.72887    11.63843
   11.62143      0.00000      0.00000     3125.00000    314.19580
   318.85147     318.86511      5.42310      6.27388     6.24689
    0.00000      0.00000     4375.00000     320.49612    325.73444
   325.58295      3.37949      3.85141      4.33429     0.00000
    0.00000     5625.00000     326.21988     331.46960    331.43600
    1.68383      2.58367      2.95656      0.00000     0.00000
   6875.00000     332.24298     338.16196     338.37048     1.03439
    1.65604      1.72548      0.00000      0.00000    8125.00000
   337.38364     344.21127     344.47986      0.60276     1.10922
    1.03711      0.00000      0.00000     9375.00000    341.32852
   350.17072     349.95911      0.31019      0.62688     0.59018
    0.00000      0.00000     10625.00000     344.02411    354.67615
   354.29776      0.20185      0.32798      0.32580     0.00000
    0.00000     11875.00000     347.58322     357.73251    357.74527
    0.09194      0.20176      0.20832      0.00000     0.00000
   13125.00000     358.43915     362.90118     362.80405     0.01600
    0.07846      0.08723      0.00000      0.00000    14375.00000
   378.31244     378.77298     377.69061      0.00040     0.00803
    0.01303      0.00000      0.00000     15625.00000    399.70844
   400.26743     399.57648      0.00018      0.00032     0.00036
    0.00000      0.00000     16875.00000     422.01489    422.65738
   422.29486      0.00028      0.00025      0.00022     0.00000
    0.00000     18125.00000     446.46045     446.84018    446.62146
    0.00130      0.00068      0.00050      0.00000     0.00000
   19375.00000     471.14651     471.23901     471.13730     0.00360
    0.00301      0.00289      0.00000      0.00000    20625.00000
   496.73306     496.72006     496.71677      0.00790     0.00767
    0.00769      0.00000      0.00000     21875.00000    536.48254
   536.48096     536.48126      0.01549      0.01527     0.01538
    0.00000      0.00000     23125.00000     574.58344    574.57928
   574.57953      0.02734      0.02757      0.02707     0.00000
    0.00000     24375.00000     610.87610     610.86731    610.86719
    0.04393      0.04553      0.04536      0.00000     0.00000
   25625.00000     647.20001     647.20001     647.20001     0.00000
    0.00000      0.00000      0.00000      0.00000    40000.00000
   1064.65002     1064.65002     1064.65002      0.00000     0.00000
    0.00000      0.00000      0.00000     