   1015.10     297.96      16.88
   312.50000     297.95645     16.87871      0.00000     0.00000
   937.50000     300.44876     12.35703      0.00000     0.00000
   1562.50000     303.37222      9.98582      0.00000     0.00000
   2187.50000     306.32425      8.50193      0.00000     0.00000
   2812.50000     308.98837      7.23890      0.00000     0.00000
   3437.50000     311.63489      6.12774      0.00000     0.00000
   4062.50000     314.64655      5.07920      0.00000     0.00000
   4687.50000     317.67480      4.02537      0.00000     0.00000
   5312.50000     320.64169      3.06501      0.00000     0.00000
   5937.50000     323.64783      2.28007      0.00000     0.00000
   6562.50000     326.43643      1.64252      0.00000     0.00000
   7187.50000     328.82944      1.15336      0.00000     0.00000
   7812.50000     331.00806      0.80149      0.00000     0.00000
   8437.50000     332.89182      0.55050      0.00000     0.00000
   9062.50000     334.45566      0.37199      0.00000     0.00000
   9687.50000     335.73062      0.24431      0.00000     0.00000
   10312.50000     336.77344      0.14869      0.00000     0.00000
   10937.50000     337.65579      0.08786      0.00000     0.00000
   11562.50000     338.33453      0.05095      0.00000     0.00000
   12187.50000     338.50870      0.03060      0.00000     0.00000
   12812.50000     339.28180      0.01649      0.00000     0.00000
   13437.50000     340.89764      0.00883      0.00000     0.00000
   14062.50000     344.59561      0.00545      0.00000     0.00000
   14687.50000     351.10300      0.00412      0.00000     0.00000
   15312.50000     357.42892      0.00333      0.00000     0.00000
   15937.50000     369.03317      0.00352      0.00000     0.00000
   16562.50000     382.24170      0.00409      0.00000     0.00000
   17187.50000     396.15152      0.00455      0.00000     0.00000
   17812.50000     410.23877      0.00449      0.00000     0.00000
   18437.50000     424.15591      0.00377      0.00000     0.00000
   19062.50000     437.62146      0.00262      0.00000     0.00000
   19687.50000     449.98004      0.00144      0.00000     0.00000
   20312.50000     464.77451      0.00076      0.00000     0.00000
   20937.50000     477.49524      0.00104      0.00000     0.00000
   21562.50000     490.48743      0.00242      0.00000     0.00000
   22187.50000     503.43994      0.00426      0.00000     0.00000
   22812.50000     516.38239      0.00564      0.00000     0.00000
   23437.50000     529.44464      0.00603      0.00000     0.00000
   24062.50000     542.69482      0.00535      0.00000     0.00000
   24687.50000     556.17065      0.00363      0.00000     0.00000
   25312.50000     569.64648      0.00363      0.00000     0.00000
   25937.50000     583.12231      0.00363      0.00000     0.00000
   26562.50000     596.59814      0.00363      0.00000     0.00000
