   1015.10     299.21      18.88
   312.50000     299.20947     18.88497      0.00000     0.00000
   937.50000     302.25104     14.44426      0.00000     0.00000
   1562.50000     305.35333     11.58864      0.00000     0.00000
   2187.50000     308.44373      9.58972      0.00000     0.00000
   2812.50000     311.34967      8.06355      0.00000     0.00000
   3437.50000     314.14755      6.85372      0.00000     0.00000
   4062.50000     317.04816      5.79923      0.00000     0.00000
   4687.50000     320.09808      4.73887      0.00000     0.00000
   5312.50000     323.31326      3.70658      0.00000     0.00000
   5937.50000     326.57443      2.84439      0.00000     0.00000
   6562.50000     329.65802      2.13090      0.00000     0.00000
   7187.50000     332.40408      1.54458      0.00000     0.00000
   7812.50000     334.98459      1.09063      0.00000     0.00000
   8437.50000     337.29666      0.75672      0.00000     0.00000
   9062.50000     339.24255      0.51899      0.00000     0.00000
   9687.50000     340.89908      0.35194      0.00000     0.00000
   10312.50000     342.27017      0.23283      0.00000     0.00000
   10937.50000     343.43613      0.14429      0.00000     0.00000
   11562.50000     344.37878      0.08763      0.00000     0.00000
   12187.50000     344.86029      0.05203      0.00000     0.00000
   12812.50000     345.86667      0.02966      0.00000     0.00000
   13437.50000     346.50046      0.01590      0.00000     0.00000
   14062.50000     348.07089      0.00832      0.00000     0.00000
   14687.50000     350.66443      0.00449      0.00000     0.00000
   15312.50000     352.32092      0.00249      0.00000     0.00000
   15937.50000     360.01831      0.00200      0.00000     0.00000
   16562.50000     371.55179      0.00226      0.00000     0.00000
   17187.50000     386.07080      0.00303      0.00000     0.00000
   17812.50000     402.16690      0.00414      0.00000     0.00000
   18437.50000     418.44098      0.00514      0.00000     0.00000
   19062.50000     433.89667      0.00553      0.00000     0.00000
   19687.50000     447.64072      0.00508      0.00000     0.00000
   20312.50000     463.00262      0.00382      0.00000     0.00000
   20937.50000     475.00436      0.00215      0.00000     0.00000
   21562.50000     487.37610      0.00095      0.00000     0.00000
   22187.50000     500.18384      0.00092      0.00000     0.00000
   22812.50000     513.33600      0.00190      0.00000     0.00000
   23437.50000     526.83118      0.00307      0.00000     0.00000
   24062.50000     540.67908      0.00361      0.00000     0.00000
   24687.50000     554.89032      0.00346      0.00000     0.00000
   25312.50000     569.10156      0.00346      0.00000     0.00000
   25937.50000     583.31281      0.00346      0.00000     0.00000
   26562.50000     597.52405      0.00346      0.00000     0.00000
