   1015.00     313.66      16.31
   312.50000     315.34994     17.72202      0.00000     0.00000
   937.50000     319.84448     17.24160      0.00000     0.00000
   1562.50000     324.43117      5.58659      0.00000     0.00000
   2187.50000     329.15738      5.42838      0.00000     0.00000
   2812.50000     333.98029      5.26960      0.00000     0.00000
   3437.50000     338.90191      5.11028      0.00000     0.00000
   4062.50000     343.92421      4.95045      0.00000     0.00000
   4687.50000     349.04918      4.79015      0.00000     0.00000
   5312.50000     354.27880      4.62944      0.00000     0.00000
   5937.50000     359.61499      4.46835      0.00000     0.00000
   6562.50000     365.05965      4.30693      0.00000     0.00000
   7187.50000     370.61461      4.14524      0.00000     0.00000
   7812.50000     376.28161      3.98333      0.00000     0.00000
   8437.50000     382.06229      3.82128      0.00000     0.00000
   9062.50000     387.95815      3.65915      0.00000     0.00000
   9687.50000     393.97053      3.49702      0.00000     0.00000
   10312.50000     400.10053      3.33496      0.00000     0.00000
   10937.50000     406.34900      3.17309      0.00000     0.00000
   11562.50000     412.71645      3.01150      0.00000     0.00000
   12187.50000     419.20297      2.85030      0.00000     0.00000
   12812.50000     425.80817      2.68963      0.00000     0.00000
   13437.50000     432.53100      2.52962      0.00000     0.00000
   14062.50000     439.36966      2.37045      0.00000     0.00000
   14687.50000     446.32139      2.21229      0.00000     0.00000
   15312.50000     453.38225      2.05536      0.00000     0.00000
   15937.50000     460.54685      1.89990      0.00000     0.00000
   16562.50000     467.80796      1.74618      0.00000     0.00000
   17187.50000     475.15607      1.59453      0.00000     0.00000
   17812.50000     482.57885      1.44531      0.00000     0.00000
   18437.50000     490.06034      1.29897      0.00000     0.00000
   19062.50000     497.58009      1.15602      0.00000     0.00000
   19687.50000     505.11193      1.01706      0.00000     0.00000
   20312.50000     512.62250      0.88281      0.00000     0.00000
   20937.50000     520.06941      0.75412      0.00000     0.00000
   21562.50000     527.39910      0.63199      0.00000     0.00000
   22187.50000     534.54450      0.51760      0.00000     0.00000
   22812.50000     541.42295      0.41226      0.00000     0.00000
   23437.50000     547.93542      0.31744      0.00000     0.00000
   24062.50000     553.96898      0.23461      0.00000     0.00000
   24687.50000     559.40557      0.16507      0.00000     0.00000
   25312.50000     564.14068      0.10961      0.00000     0.00000
   25937.50000     568.11216      0.06814      0.00000     0.00000
   26562.50000     571.33050      0.03941      0.00000     0.00000
   27187.50000     573.89170      0.02115      0.00000     0.00000
   27812.50000     575.95691      0.01052      0.00000     0.00000
   28437.50000     588.12728      0.00844      0.00000     0.00000
   29062.50000     607.39530      0.00945      0.00000     0.00000
   29687.50000     627.29456      0.01058      0.00000     0.00000
   30312.50000     647.84573      0.01184      0.00000     0.00000
   30937.50000     669.07018      0.01326      0.00000     0.00000
   31562.50000     690.98996      0.01484      0.00000     0.00000
   32187.50000     713.62783      0.01662      0.00000     0.00000
   32812.50000     737.00733      0.01861      0.00000     0.00000
   33437.50000     761.15275      0.02083      0.00000     0.00000
   34062.50000     786.08917      0.02332      0.00000     0.00000
   34687.50000     811.84249      0.02611      0.00000     0.00000
   35312.50000     838.43949      0.02924      0.00000     0.00000
   35937.50000     865.90777      0.03274      0.00000     0.00000
   36562.50000     894.27589      0.03665      0.00000     0.00000
   37187.50000     923.57330      0.04104      0.00000     0.00000
   37812.50000     953.83044      0.04595      0.00000     0.00000
   38437.50000     985.07874      0.05145      0.00000     0.00000
   39062.50000     1017.35063      0.05761      0.00000     0.00000
   39687.50000     1050.67965      0.06451      0.00000     0.00000
   40312.50000     1085.10039      0.07223      0.00000     0.00000
   40937.50000     1120.64858      0.08088      0.00000     0.00000
   41562.50000     1157.36114      0.09057      0.00000     0.00000
   42187.50000     1195.27616      0.10141      0.00000     0.00000
   42812.50000     1234.43300      0.11356      0.00000     0.00000
   43437.50000     1274.87228      0.12717      0.00000     0.00000
   44062.50000     1316.63596      0.14241      0.00000     0.00000
   44687.50000     1359.76735      0.15949      0.00000     0.00000
   45312.50000     1404.31117      0.17861      0.00000     0.00000
   45937.50000     1450.31360      0.20004      0.00000     0.00000
   46562.50000     1497.82232      0.22404      0.00000     0.00000
   47187.50000     1546.88653      0.25094      0.00000     0.00000
   47812.50000     1597.55705      0.28108      0.00000     0.00000
   48437.50000     1649.88633      0.31486      0.00000     0.00000
   49062.50000     1703.92850      0.35272      0.00000     0.00000
   49687.50000     1759.73944      0.39516      0.00000     0.00000
   50312.50000     1817.37684      0.44274      0.00000     0.00000
