   1015.00     308.69      28.49
   312.50000     310.09154     30.49886      0.00000     0.00000
   937.50000     314.41630     29.37876      0.00000     0.00000
   1562.50000     318.82613     12.11111      0.00000     0.00000
   2187.50000     323.38617     11.64028      0.00000     0.00000
   2812.50000     328.03397     11.16933      0.00000     0.00000
   3437.50000     332.77053     10.69845      0.00000     0.00000
   4062.50000     337.59668     10.22787      0.00000     0.00000
   4687.50000     342.51308      9.75780      0.00000     0.00000
   5312.50000     347.52017      9.28853      0.00000     0.00000
   5937.50000     352.61808      8.82033      0.00000     0.00000
   6562.50000     357.80663      8.35354      0.00000     0.00000
   7187.50000     363.08521      7.88850      0.00000     0.00000
   7812.50000     368.45271      7.42564      0.00000     0.00000
   8437.50000     373.90739      6.96541      0.00000     0.00000
   9062.50000     379.44676      6.50832      0.00000     0.00000
   9687.50000     385.06738      6.05498      0.00000     0.00000
   10312.50000     390.76469      5.60605      0.00000     0.00000
   10937.50000     396.53270      5.16231      0.00000     0.00000
   11562.50000     402.36370      4.72466      0.00000     0.00000
   12187.50000     408.24780      4.29413      0.00000     0.00000
   12812.50000     414.17244      3.87192      0.00000     0.00000
   13437.50000     420.12175      3.45946      0.00000     0.00000
   14062.50000     426.07570      3.05838      0.00000     0.00000
   14687.50000     432.00915      2.67063      0.00000     0.00000
   15312.50000     437.89064      2.29846      0.00000     0.00000
   15937.50000     443.68103      1.94451      0.00000     0.00000
   16562.50000     449.33211      1.61184      0.00000     0.00000
   17187.50000     454.78535      1.30386      0.00000     0.00000
   17812.50000     459.97160      1.02431      0.00000     0.00000
   18437.50000     464.81250      0.77700      0.00000     0.00000
   19062.50000     469.22564      0.56537      0.00000     0.00000
   19687.50000     473.13497      0.39183      0.00000     0.00000
   20312.50000     476.48735      0.25686      0.00000     0.00000
   20937.50000     479.27168      0.15835      0.00000     0.00000
   21562.50000     481.53165      0.09146      0.00000     0.00000
   22187.50000     483.36170      0.04940      0.00000     0.00000
   22812.50000     484.88481      0.02494      0.00000     0.00000
   23437.50000     488.01515      0.01316      0.00000     0.00000
   24062.50000     504.00328      0.01474      0.00000     0.00000
   24687.50000     520.51519      0.01650      0.00000     0.00000
   25312.50000     537.56804      0.01847      0.00000     0.00000
   25937.50000     555.17954      0.02068      0.00000     0.00000
   26562.50000     573.36799      0.02315      0.00000     0.00000
   27187.50000     592.15229      0.02592      0.00000     0.00000
   27812.50000     611.55196      0.02902      0.00000     0.00000
   28437.50000     631.58714      0.03249      0.00000     0.00000
   29062.50000     652.27865      0.03638      0.00000     0.00000
   29687.50000     673.64798      0.04073      0.00000     0.00000
   30312.50000     695.71734      0.04560      0.00000     0.00000
   30937.50000     718.50963      0.05106      0.00000     0.00000
   31562.50000     742.04854      0.05717      0.00000     0.00000
   32187.50000     766.35850      0.06401      0.00000     0.00000
   32812.50000     791.46475      0.07166      0.00000     0.00000
   33437.50000     817.39337      0.08024      0.00000     0.00000
   34062.50000     844.17127      0.08984      0.00000     0.00000
   34687.50000     871.82624      0.10059      0.00000     0.00000
   35312.50000     900.38699      0.11262      0.00000     0.00000
   35937.50000     929.88314      0.12610      0.00000     0.00000
   36562.50000     960.34530      0.14119      0.00000     0.00000
   37187.50000     991.80507      0.15809      0.00000     0.00000
   37812.50000     1024.29506      0.17701      0.00000     0.00000
   38437.50000     1057.84896      0.19820      0.00000     0.00000
   39062.50000     1092.50154      0.22192      0.00000     0.00000
   39687.50000     1128.28869      0.24849      0.00000     0.00000
   40312.50000     1165.24749      0.27825      0.00000     0.00000
   40937.50000     1203.41619      0.31158      0.00000     0.00000
   41562.50000     1242.83427      0.34890      0.00000     0.00000
   42187.50000     1283.54251      0.39070      0.00000     0.00000
   42812.50000     1325.58298      0.43752      0.00000     0.00000
   43437.50000     1368.99908      0.48997      0.00000     0.00000
   44062.50000     1413.83564      0.54872      0.00000     0.00000
   44687.50000     1460.13887      0.61453      0.00000     0.00000
   45312.50000     1507.95649      0.68826      0.00000     0.00000
   45937.50000     1557.33769      0.77087      0.00000     0.00000
   46562.50000     1608.33323      0.86344      0.00000     0.00000
   47187.50000     1660.99545      0.96717      0.00000     0.00000
   47812.50000     1715.37833      1.08343      0.00000     0.00000
   48437.50000     1771.53751      1.21375      0.00000     0.00000
   49062.50000     1829.53034      1.35984      0.00000     0.00000
   49687.50000     1889.41590      1.52364      0.00000     0.00000
   50312.50000     1951.25509      1.70732      0.00000     0.00000
